0 1
0 2
0 3
0 5
0 6
0 11
0 14
0 19
0 20
0 23
0 27
0 28
0 29
0 32
0 35
0 40
0 44
0 49
1 8
1 9
1 10
1 11
1 17
1 25
1 30
1 33
1 35
1 36
1 37
1 38
1 39
1 40
1 41
1 42
1 43
1 44
1 45
1 46
1 47
1 48
1 49
2 1
2 12
2 15
2 23
2 25
2 29
2 31
2 32
2 33
2 34
2 35
2 36
2 37
2 38
2 39
2 40
2 41
2 42
2 43
2 44
2 45
2 46
2 47
2 48
2 49
3 3
3 4
3 7
3 9
3 10
3 19
3 23
3 24
3 26
3 27
3 29
3 31
3 33
3 36
3 37
3 38
3 39
3 40
3 41
3 42
3 43
3 44
3 45
3 46
3 47
3 48
3 49
4 2
4 4
4 7
4 8
4 10
4 13
4 19
4 20
4 25
4 35
4 36
4 47
4 49
5 4
5 5
5 13
5 15
5 16
5 18
5 25
5 29
5 30
5 34
5 35
5 38
5 39
5 40
5 42
5 43
5 44
5 45
5 46
5 47
5 48
5 49
6 0
6 5
6 6
6 10
6 13
6 14
6 15
6 16
6 26
6 35
6 37
6 38
6 39
6 40
6 41
6 42
6 43
6 44
6 45
6 46
6 47
6 48
6 49
7 9
7 13
7 15
7 19
7 22
7 28
7 31
7 33
7 34
7 37
7 42
7 44
7 45
7 48
7 49
8 2
8 8
8 9
8 12
8 15
8 26
8 31
8 37
8 39
8 41
8 42
8 45
8 47
8 49
9 1
9 2
9 6
9 9
9 10
9 15
9 17
9 19
9 21
9 22
9 27
9 29
9 31
9 34
9 41
9 42
9 43
9 44
9 45
9 46
9 47
9 48
9 49
10 0
10 1
10 3
10 4
10 13
10 14
10 16
10 18
10 21
10 25
10 26
10 27
10 28
10 29
10 30
10 31
10 32
10 33
10 34
10 35
10 36
10 37
10 38
10 39
10 40
10 41
10 42
10 43
10 44
10 45
10 46
10 47
10 48
10 49
11 3
11 10
11 13
11 16
11 21
11 23
11 25
11 26
11 27
11 28
11 29
11 30
11 31
11 32
11 33
11 34
11 35
11 36
11 37
11 38
11 39
11 40
11 41
11 42
11 43
11 44
11 45
11 46
11 47
11 48
11 49
12 1
12 3
12 5
12 11
12 13
12 14
12 24
12 26
12 28
12 29
12 32
12 33
12 34
12 35
12 36
12 37
12 38
12 39
12 40
12 41
12 42
12 43
12 44
12 45
12 46
12 47
12 48
12 49
13 9
13 18
13 19
13 21
13 23
13 28
13 34
13 35
13 36
13 37
13 38
13 39
13 40
13 41
13 42
13 43
13 44
13 45
13 46
13 47
13 48
13 49
14 5
14 9
14 14
14 15
14 16
14 18
14 19
14 20
14 22
14 25
14 30
14 33
14 34
14 35
14 36
14 37
14 38
14 39
14 40
14 41
14 42
14 43
14 44
14 45
14 46
14 47
14 48
14 49