0 0
0 2
0 4
0 5
0 6
0 8
0 13
0 14
0 15
0 17
0 20
0 22
0 24
0 27
0 32
0 33
0 34
0 40
0 41
0 42
0 45
0 46
0 47
0 48
0 49
1 4
1 7
1 8
1 11
1 13
1 14
1 15
1 17
1 25
1 26
1 27
1 28
1 29
1 30
1 35
1 36
1 37
1 38
1 39
1 40
1 41
1 42
1 43
1 44
1 45
1 46
1 47
1 48
1 49
2 2
2 3
2 4
2 10
2 11
2 16
2 18
2 19
2 24
2 25
2 26
2 34
2 36
2 37
2 38
2 39
2 40
2 41
2 42
2 43
2 44
2 45
2 46
2 47
2 48
2 49
3 1
3 5
3 6
3 9
3 11
3 13
3 14
3 15
3 16
3 17
3 18
3 20
3 22
3 23
3 27
3 29
3 34
3 35
3 37
3 38
3 42
3 43
3 44
3 45
3 46
3 47
3 48
3 49
4 1
4 2
4 3
4 7
4 8
4 9
4 12
4 15
4 19
4 23
4 26
4 28
4 29
4 31
4 34
4 37
4 38
4 39
4 40
4 41
4 42
4 43
4 44
4 45
4 46
4 47
4 48
4 49
5 0
5 7
5 9
5 10
5 14
5 16
5 17
5 18
5 20
5 21
5 22
5 23
5 24
5 26
5 27
5 28
5 32
5 33
5 35
5 38
5 41
5 43
5 44
5 45
5 46
5 47
5 48
5 49
6 0
6 4
6 5
6 7
6 8
6 9
6 10
6 11
6 13
6 15
6 16
6 17
6 19
6 25
6 26
6 27
6 28
6 29
6 30
6 31
6 32
6 34
6 36
6 37
6 38
6 40
7 0
7 2
7 3
7 6
7 8
7 13
7 14
7 19
7 23
7 27
7 30
7 33
7 34
7 35
7 36
7 37
7 38
7 39
7 40
7 41
7 42
7 43
7 44
7 45
7 46
7 47
7 48
7 49
8 0
8 1
8 3
8 4
8 8
8 10
8 14
8 16
8 19
8 20
8 21
8 22
8 24
8 26
8 27
8 28
8 29
8 30
8 33
8 36
8 37
8 38
8 40
8 41
8 46
8 47
9 0
9 5
9 6
9 8
9 10
9 12
9 13
9 14
9 15
9 16
9 17
9 21
9 24
9 27
9 29
9 32
9 35
9 37
9 38
9 39
9 40
9 41
9 42
9 43
9 44
9 45
9 46
9 47
9 48
9 49
10 0
10 9
10 11
10 13
10 14
10 15
10 18
10 19
10 20
10 21
10 23
10 24
10 26
10 27
10 29
10 34
10 35
10 36
10 40
10 42
10 43
10 44
10 45
10 46
10 47
10 48
10 49
11 0
11 2
11 4
11 5
11 7
11 8
11 9
11 10
11 13
11 17
11 19
11 24
11 25
11 27
11 28
11 30
11 34
11 36
11 37
11 40
11 41
11 42
11 44
11 45
11 47
11 48
11 49
12 0
12 6
12 8
12 9
12 16
12 20
12 21
12 23
12 24
12 29
12 30
12 31
12 32
12 33
12 34
12 35
12 36
12 37
12 38
12 39
12 40
12 41
12 42
12 43
12 44
12 45
12 46
12 47
12 48
12 49
13 4
13 6
13 7
13 9
13 11
13 12
13 16
13 20
13 22
13 23
13 24
13 27
13 30
13 33
13 34
13 35
13 36
13 37
13 39
13 40
13 41
13 42
13 43
13 44
13 45
13 46
13 47
13 48
13 49
14 1
14 6
14 7
14 8
14 10
14 12
14 13
14 16
14 17
14 19
14 21
14 23
14 27
14 29
14 31
14 33
14 35
14 36
14 38
14 39
14 41
14 44
14 46
14 47
14 48
14 49