0 0
0 1
0 2
0 9
0 17
0 19
0 21
0 24
0 26
0 34
0 39
0 41
0 42
0 43
0 53
0 55
0 59
0 61
0 65
0 68
0 74
0 75
0 77
0 79
0 84
0 85
0 88
0 90
0 102
0 110
0 113
0 115
0 116
0 121
0 131
0 133
0 134
0 137
0 138
0 142
0 144
0 147
0 148
0 153
0 154
0 160
0 162
0 169
0 172
0 173
0 174
0 183
0 189
0 190
0 195
0 196
0 197
0 198
0 199
1 2
1 5
1 7
1 14
1 18
1 19
1 20
1 21
1 29
1 32
1 33
1 35
1 36
1 39
1 48
1 57
1 59
1 61
1 63
1 64
1 65
1 66
1 69
1 76
1 78
1 79
1 83
1 84
1 90
1 92
1 95
1 96
1 98
1 100
1 107
1 109
1 115
1 117
1 118
1 123
1 130
1 134
1 139
1 142
1 151
1 153
1 156
1 157
1 158
1 161
1 163
1 170
1 171
1 173
1 175
1 178
1 179
1 182
1 184
1 185
1 186
1 187
1 197
1 199
2 2
2 5
2 11
2 15
2 16
2 21
2 30
2 32
2 33
2 40
2 47
2 52
2 54
2 56
2 57
2 59
2 70
2 76
2 80
2 81
2 84
2 86
2 95
2 96
2 98
2 99
2 102
2 106
2 117
2 121
2 122
2 123
2 124
2 125
2 128
2 130
2 146
2 154
2 157
2 161
2 170
2 171
2 175
2 179
2 185
2 186
2 190
2 191
2 192
2 193
2 194
2 195
2 196
2 197
2 198
2 199
3 3
3 4
3 8
3 9
3 18
3 21
3 26
3 27
3 28
3 38
3 39
3 48
3 53
3 59
3 61
3 62
3 72
3 81
3 82
3 83
3 88
3 90
3 92
3 94
3 97
3 101
3 108
3 109
3 112
3 114
3 116
3 118
3 120
3 124
3 125
3 130
3 131
3 133
3 149
3 150
3 155
3 156
3 158
3 161
3 167
3 168
3 174
3 178
3 185
3 186
3 187
3 188
3 189
3 192
4 1
4 6
4 10
4 15
4 20
4 23
4 24
4 25
4 30
4 31
4 33
4 34
4 35
4 37
4 38
4 41
4 50
4 51
4 59
4 61
4 64
4 68
4 71
4 74
4 75
4 78
4 81
4 85
4 88
4 97
4 98
4 107
4 119
4 122
4 124
4 125
4 129
4 130
4 134
4 138
4 140
4 142
4 145
4 146
4 151
4 156
4 157
4 158
4 159
4 164
4 166
4 173
4 174
4 176
4 178
4 182
4 187
4 192
4 193
4 198
4 199
5 0
5 10
5 14
5 17
5 18
5 19
5 28
5 29
5 31
5 32
5 35
5 44
5 46
5 51
5 57
5 59
5 64
5 66
5 71
5 84
5 87
5 103
5 104
5 105
5 106
5 108
5 110
5 116
5 117
5 120
5 122
5 125
5 126
5 137
5 140
5 144
5 146
5 147
5 163
5 167
5 168
5 170
5 171
5 172
5 174
5 177
5 182
5 188
5 189
5 190
5 191
5 192
5 193
5 194
5 195
5 196
5 197
5 198
5 199
6 0
6 2
6 7
6 8
6 11
6 18
6 20
6 29
6 34
6 39
6 43
6 45
6 47
6 49
6 55
6 57
6 59
6 61
6 63
6 72
6 73
6 82
6 84
6 85
6 86
6 89
6 91
6 93
6 94
6 95
6 101
6 105
6 109
6 111
6 112
6 113
6 118
6 119
6 125
6 128
6 130
6 131
6 144
6 145
6 147
6 154
6 160
6 162
6 164
6 166
6 173
6 181
6 182
6 183
6 184
6 185
6 186
6 187
6 188
6 189
6 190
6 191
6 192
6 193
6 194
6 195
6 196
6 197
6 198
6 199
7 4
7 6
7 9
7 11
7 18
7 22
7 26
7 30
7 31
7 32
7 34
7 35
7 44
7 45
7 46
7 51
7 52
7 59
7 60
7 63
7 65
7 68
7 69
7 70
7 71
7 73
7 74
7 77
7 81
7 87
7 88
7 95
7 96
7 98
7 104
7 105
7 107
7 112
7 116
7 118
7 120
7 121
7 124
7 128
7 131
7 134
7 135
7 138
7 142
7 143
7 149
7 151
7 153
7 155
7 159
7 163
7 166
7 169
7 173
8 1
8 11
8 15
8 17
8 18
8 26
8 27
8 28
8 31
8 37
8 44
8 46
8 50
8 51
8 56
8 57
8 62
8 65
8 70
8 73
8 77
8 78
8 81
8 83
8 90
8 93
8 98
8 99
8 101
8 104
8 105
8 114
8 116
8 123
8 124
8 125
8 126
8 127
8 128
8 133
8 139
8 145
8 148
8 151
8 152
8 156
8 157
8 158
8 164
8 165
8 166
8 167
8 172
8 173
8 177
8 181
8 185
8 188
8 197
8 198
8 199
9 3
9 4
9 7
9 12
9 13
9 22
9 23
9 27
9 38
9 41
9 44
9 45
9 46
9 48
9 50
9 53
9 56
9 58
9 60
9 63
9 65
9 72
9 73
9 81
9 82
9 84
9 86
9 88
9 94
9 97
9 99
9 100
9 101
9 103
9 109
9 113
9 115
9 129
9 132
9 134
9 138
9 139
9 143
9 144
9 148
9 158
9 161
9 165
9 174
9 185
9 186
9 187
9 188
9 189
9 190
9 191
9 192
9 193
9 194
9 195
9 196
9 197
9 198
9 199
10 2
10 8
10 9
10 10
10 13
10 16
10 19
10 20
10 22
10 23
10 24
10 29
10 36
10 40
10 41
10 46
10 49
10 60
10 65
10 70
10 71
10 73
10 77
10 80
10 83
10 84
10 87
10 90
10 92
10 95
10 96
10 99
10 101
10 103
10 106
10 115
10 116
10 117
10 119
10 123
10 126
10 127
10 132
10 134
10 136
10 137
10 139
10 145
10 147
10 152
10 156
10 160
10 162
10 167
10 168
10 169
10 170
10 171
10 173
10 176
10 178
10 180
10 184
10 192
11 1
11 3
11 5
11 9
11 14
11 16
11 18
11 19
11 24
11 26
11 30
11 32
11 33
11 38
11 43
11 45
11 46
11 54
11 55
11 58
11 59
11 62
11 74
11 76
11 82
11 84
11 85
11 90
11 92
11 102
11 108
11 111
11 114
11 117
11 119
11 125
11 130
11 131
11 135
11 141
11 143
11 148
11 151
11 156
11 169
11 174
11 175
11 182
11 183
11 184
11 185
11 186
11 187
11 188
11 189
11 190
11 191
11 192
11 193
11 194
11 195
11 196
11 197
11 198
11 199
12 4
12 5
12 6
12 11
12 13
12 16
12 17
12 18
12 19
12 20
12 23
12 25
12 26
12 28
12 32
12 33
12 38
12 45
12 48
12 51
12 52
12 53
12 54
12 57
12 63
12 66
12 68
12 71
12 72
12 80
12 84
12 85
12 86
12 93
12 95
12 97
12 99
12 107
12 108
12 111
12 113
12 114
12 118
12 123
12 124
12 125
12 133
12 134
12 135
12 136
12 139
12 145
12 147
12 150
12 157
12 164
12 166
12 170
12 172
12 177
12 187
13 0
13 4
13 7
13 11
13 12
13 13
13 16
13 21
13 24
13 31
13 32
13 37
13 38
13 42
13 45
13 47
13 49
13 54
13 58
13 65
13 71
13 75
13 76
13 79
13 80
13 88
13 96
13 98
13 99
13 102
13 104
13 107
13 108
13 111
13 112
13 119
13 120
13 121
13 122
13 129
13 136
13 137
13 139
13 140
13 144
13 161
13 162
13 163
13 164
13 168
13 170
13 173
13 174
13 177
13 178
13 182
13 183
13 189
13 190
13 191
13 192
13 193
13 194
13 195
13 196
13 197
13 198
13 199
14 1
14 10
14 13
14 14
14 21
14 24
14 28
14 29
14 34
14 39
14 40
14 48
14 51
14 52
14 54
14 58
14 60
14 62
14 64
14 67
14 70
14 72
14 75
14 85
14 87
14 88
14 89
14 92
14 94
14 101
14 108
14 111
14 113
14 119
14 120
14 122
14 123
14 132
14 136
14 137
14 138
14 143
14 149
14 151
14 154
14 159
14 171
14 173
14 176
14 177
14 180
15 0
15 3
15 6
15 14
15 15
15 16
15 17
15 19
15 39
15 50
15 57
15 61
15 62
15 66
15 73
15 78
15 87
15 88
15 89
15 91
15 92
15 95
15 102
15 103
15 110
15 116
15 117
15 118
15 119
15 123
15 131
15 132
15 134
15 136
15 139
15 140
15 142
15 143
15 144
15 147
15 149
15 153
15 160
15 161
15 167
15 171
15 172
15 178
15 189
15 192
15 193
15 194
15 195
16 0
16 1
16 2
16 8
16 11
16 18
16 22
16 23
16 24
16 25
16 27
16 32
16 34
16 36
16 37
16 42
16 44
16 45
16 51
16 52
16 54
16 56
16 59
16 65
16 68
16 71
16 72
16 73
16 76
16 84
16 85
16 88
16 89
16 90
16 103
16 110
16 120
16 121
16 126
16 127
16 130
16 132
16 134
16 136
16 138
16 143
16 144
16 150
16 153
16 156
16 158
16 160
16 168
16 172
16 180
17 6
17 11
17 12
17 17
17 19
17 25
17 27
17 33
17 36
17 39
17 40
17 42
17 43
17 44
17 45
17 47
17 52
17 53
17 54
17 55
17 63
17 64
17 69
17 74
17 75
17 80
17 82
17 83
17 85
17 89
17 96
17 98
17 99
17 100
17 106
17 107
17 108
17 112
17 114
17 115
17 116
17 129
17 134
17 138
17 139
17 142
17 146
17 147
17 149
17 150
17 152
17 154
17 157
17 158
17 159
17 175
17 181
17 182
17 188
17 190
17 191
17 192
17 193
17 194
17 195
17 196
17 197
17 198
17 199
18 7
18 9
18 11
18 13
18 14
18 15
18 20
18 25
18 26
18 29
18 30
18 32
18 34
18 41
18 43
18 45
18 46
18 47
18 52
18 53
18 54
18 57
18 59
18 62
18 63
18 67
18 68
18 69
18 70
18 71
18 74
18 78
18 80
18 88
18 102
18 104
18 107
18 109
18 111
18 117
18 120
18 123
18 124
18 125
18 127
18 129
18 137
18 138
18 144
18 150
18 151
18 154
18 158
18 159
18 161
18 163
18 165
18 171
18 175
18 181
19 0
19 7
19 8
19 9
19 18
19 20
19 21
19 23
19 25
19 27
19 28
19 32
19 36
19 37
19 45
19 53
19 63
19 69
19 71
19 72
19 77
19 80
19 81
19 85
19 90
19 95
19 98
19 99
19 100
19 103
19 115
19 116
19 120
19 123
19 124
19 126
19 128
19 130
19 133
19 136
19 138
19 142
19 144
19 146
19 147
19 148
19 150
19 151
19 161
19 163
19 164
19 167
19 171
19 175
19 179
19 180
19 181
19 182
19 183
19 184
19 189
20 0
20 1
20 3
20 4
20 8
20 11
20 22
20 23
20 24
20 27
20 28
20 37
20 38
20 39
20 40
20 41
20 42
20 43
20 44
20 45
20 51
20 54
20 56
20 59
20 62
20 63
20 69
20 74
20 77
20 81
20 83
20 87
20 89
20 90
20 94
20 95
20 105
20 107
20 108
20 112
20 119
20 125
20 128
20 133
20 134
20 141
20 143
20 147
20 150
20 154
20 155
20 157
20 160
20 163
21 2
21 3
21 6
21 9
21 11
21 12
21 19
21 21
21 22
21 25
21 26
21 27
21 34
21 35
21 36
21 37
21 40
21 43
21 52
21 53
21 63
21 64
21 67
21 68
21 73
21 81
21 84
21 86
21 87
21 90
21 97
21 103
21 104
21 106
21 109
21 115
21 118
21 120
21 125
21 126
21 128
21 129
21 132
21 136
21 138
21 145
21 149
21 151
21 152
21 156
21 157
21 159
21 163
22 0
22 1
22 2
22 9
22 18
22 20
22 28
22 33
22 43
22 45
22 47
22 48
22 51
22 56
22 59
22 63
22 64
22 71
22 78
22 81
22 83
22 84
22 86
22 87
22 89
22 92
22 93
22 95
22 98
22 99
22 100
22 102
22 103
22 107
22 108
22 109
22 120
22 127
22 130
22 131
22 133
22 135
22 137
22 140
22 141
22 142
22 145
22 149
22 156
22 161
22 169
22 170
22 171
22 181
22 185
22 186
22 187
22 188
22 189
22 190
22 191
22 192
22 193
22 194
22 195
22 196
22 197
22 198
22 199
23 4
23 6
23 16
23 17
23 23
23 24
23 29
23 36
23 37
23 45
23 52
23 57
23 63
23 68
23 74
23 76
23 78
23 87
23 89
23 90
23 103
23 107
23 108
23 111
23 113
23 114
23 116
23 117
23 121
23 125
23 131
23 133
23 142
23 147
23 150
23 151
23 162
23 169
23 170
23 171
23 172
23 173
23 174
23 175
23 176
23 177
23 178
23 179
23 180
23 181
23 182
23 183
23 184
23 185
23 186
23 187
23 188
23 189
23 190
23 191
23 192
23 193
23 194
23 195
23 196
23 197
23 198
23 199
24 0
24 23
24 32
24 48
24 52
24 54
24 63
24 70
24 75
24 77
24 78
24 80
24 81
24 83
24 88
24 89
24 91
24 92
24 95
24 98
24 99
24 106
24 107
24 108
24 116
24 117
24 121
24 122
24 127
24 130
24 133
24 136
24 147
24 149
24 150
24 157
24 161
24 163
24 164
24 167
24 168
24 169
24 170
24 172
24 173
24 175
24 182
24 183
24 186
24 189
24 190
24 191
24 192
24 193
24 194
24 195
24 196
24 197
24 198
24 199
25 1
25 2
25 3
25 8
25 9
25 11
25 13
25 15
25 16
25 21
25 24
25 25
25 28
25 29
25 31
25 34
25 35
25 36
25 39
25 42
25 50
25 54
25 57
25 58
25 59
25 60
25 61
25 66
25 68
25 70
25 72
25 75
25 78
25 79
25 80
25 82
25 86
25 88
25 89
25 96
25 102
25 107
25 114
25 115
25 117
25 119
25 128
25 133
25 134
25 136
25 139
25 154
25 159
25 161
25 171
25 180
25 182
25 183
25 189
25 190
26 1
26 12
26 14
26 21
26 24
26 27
26 30
26 31
26 32
26 37
26 43
26 47
26 48
26 50
26 51
26 52
26 55
26 58
26 68
26 78
26 82
26 86
26 87
26 88
26 93
26 95
26 96
26 101
26 105
26 112
26 113
26 114
26 116
26 117
26 119
26 120
26 126
26 127
26 129
26 130
26 139
26 143
26 149
26 151
26 155
26 156
26 157
26 163
26 169
26 170
26 171
26 172
26 173
26 178
26 182
26 183
26 186
26 189
26 190
26 192
26 195
26 198
26 199
27 0
27 2
27 7
27 8
27 19
27 23
27 30
27 32
27 35
27 37
27 46
27 48
27 60
27 66
27 67
27 79
27 83
27 85
27 86
27 89
27 92
27 96
27 97
27 98
27 109
27 114
27 116
27 117
27 123
27 124
27 125
27 126
27 127
27 128
27 129
27 130
27 131
27 132
27 136
27 138
27 140
27 156
27 161
27 162
27 165
27 169
27 177
27 179
27 182
27 184
27 187
27 188
27 189
27 190
27 191
27 192
27 193
27 194
27 195
27 196
27 197
27 198
27 199
28 0
28 4
28 5
28 8
28 10
28 20
28 23
28 27
28 29
28 35
28 37
28 40
28 42
28 49
28 50
28 51
28 53
28 54
28 60
28 62
28 65
28 72
28 75
28 79
28 80
28 81
28 82
28 83
28 84
28 86
28 87
28 92
28 96
28 99
28 104
28 105
28 109
28 111
28 112
28 113
28 114
28 119
28 121
28 124
28 128
28 129
28 130
28 133
28 136
28 142
28 146
29 0
29 5
29 6
29 9
29 11
29 12
29 14
29 15
29 16
29 18
29 19
29 26
29 29
29 32
29 33
29 38
29 40
29 43
29 45
29 46
29 49
29 50
29 53
29 58
29 59
29 63
29 66
29 70
29 86
29 97
29 100
29 102
29 113
29 115
29 116
29 117
29 122
29 123
29 129
29 130
29 131
29 136
29 139
29 140
29 141
29 142
29 143
29 145
29 151
29 152
29 155
29 157
29 158
29 159
29 167
29 171
29 176
29 180
29 187
29 191
29 192
29 194
29 197
29 198
29 199