0 0
0 2
0 3
0 6
0 7
0 15
0 18
0 21
0 23
0 25
0 26
0 29
0 33
0 35
0 37
0 40
0 45
0 49
0 51
0 53
0 54
0 55
0 61
0 70
0 73
0 74
0 76
0 77
0 78
0 79
0 80
0 81
0 82
0 83
0 84
0 85
0 86
0 87
0 88
0 89
0 90
0 91
0 92
0 93
0 94
0 95
0 96
0 97
0 98
0 99
1 1
1 2
1 4
1 5
1 6
1 9
1 14
1 19
1 20
1 21
1 23
1 24
1 26
1 27
1 28
1 29
1 30
1 31
1 37
1 38
1 41
1 43
1 44
1 45
1 46
1 48
1 49
1 50
1 51
1 54
1 55
1 56
1 59
1 60
1 61
1 62
1 63
1 64
1 65
1 69
1 70
1 71
1 72
1 76
1 77
1 78
1 80
1 81
1 82
1 83
1 85
1 86
1 87
1 88
1 89
1 91
2 0
2 1
2 2
2 8
2 9
2 10
2 11
2 14
2 15
2 16
2 18
2 19
2 20
2 22
2 23
2 25
2 27
2 29
2 31
2 35
2 36
2 38
2 39
2 43
2 44
2 46
2 50
2 51
2 52
2 53
2 54
2 55
2 58
2 59
2 60
2 61
2 63
2 66
2 67
2 68
2 70
2 71
2 73
2 77
2 79
2 80
2 81
2 82
2 85
2 86
2 87
2 88
2 90
2 93
2 96
2 97
2 98
2 99
3 2
3 4
3 6
3 9
3 10
3 12
3 13
3 14
3 16
3 18
3 20
3 21
3 22
3 23
3 24
3 28
3 31
3 33
3 34
3 35
3 36
3 41
3 42
3 43
3 45
3 47
3 48
3 53
3 55
3 56
3 57
3 59
3 61
3 63
3 64
3 67
3 69
3 70
3 71
3 72
3 73
3 74
3 75
3 76
3 77
3 78
3 79
3 80
3 81
3 82
3 83
3 84
3 85
3 86
3 87
3 88
3 89
3 90
3 91
3 92
3 93
3 94
3 95
3 96
3 97
3 98
3 99
4 2
4 4
4 5
4 8
4 9
4 10
4 12
4 14
4 18
4 19
4 21
4 22
4 25
4 26
4 27
4 31
4 32
4 33
4 35
4 37
4 38
4 41
4 47
4 50
4 51
4 56
4 58
4 59
4 60
4 61
4 63
4 64
4 65
4 67
4 68
4 70
4 71
4 73
4 74
4 76
4 78
4 81
4 82
4 85
4 86
4 87
4 88
4 89
4 90
4 91
4 92
4 93
4 94
4 95
4 96
4 97
4 98
4 99
5 1
5 4
5 6
5 10
5 12
5 13
5 14
5 15
5 19
5 21
5 22
5 26
5 32
5 33
5 36
5 37
5 39
5 40
5 41
5 44
5 46
5 47
5 50
5 52
5 53
5 54
5 55
5 58
5 61
5 62
5 63
5 67
5 68
5 70
5 71
5 73
5 74
5 77
5 78
5 80
5 81
5 82
5 85
5 86
5 87
5 90
5 93
5 94
5 95
5 96
5 97
5 98
5 99
6 0
6 1
6 2
6 3
6 4
6 6
6 11
6 12
6 17
6 20
6 23
6 24
6 25
6 29
6 30
6 31
6 32
6 33
6 34
6 36
6 37
6 38
6 39
6 41
6 44
6 47
6 48
6 49
6 51
6 52
6 55
6 56
6 57
6 58
6 59
6 64
6 66
6 67
6 68
6 69
6 70
6 71
6 72
6 73
6 74
6 75
6 76
6 77
6 78
6 79
6 80
6 81
6 82
6 83
6 84
6 85
6 86
6 87
6 88
6 89
6 90
6 91
6 92
6 93
6 94
6 95
6 96
6 97
6 98
6 99
7 1
7 2
7 6
7 9
7 11
7 14
7 15
7 16
7 18
7 21
7 22
7 26
7 27
7 30
7 31
7 32
7 36
7 39
7 40
7 46
7 47
7 48
7 50
7 52
7 53
7 55
7 56
7 57
7 59
7 61
7 63
7 64
7 66
7 68
7 70
7 71
7 72
7 74
7 76
7 77
7 78
7 80
7 82
7 85
7 86
7 87
7 88
7 89
7 90
7 91
7 92
7 93
7 94
7 95
7 96
7 97
7 98
7 99
8 1
8 5
8 7
8 11
8 12
8 13
8 14
8 15
8 16
8 17
8 19
8 21
8 23
8 24
8 26
8 27
8 32
8 33
8 35
8 40
8 42
8 45
8 46
8 47
8 49
8 50
8 51
8 53
8 55
8 59
8 61
8 63
8 64
8 65
8 68
8 70
8 71
8 72
8 75
8 78
8 79
8 80
8 82
8 83
8 84
8 85
8 86
8 87
8 88
8 90
8 93
9 0
9 3
9 4
9 5
9 6
9 7
9 8
9 9
9 11
9 12
9 13
9 14
9 20
9 21
9 24
9 28
9 29
9 31
9 32
9 34
9 35
9 36
9 40
9 41
9 42
9 48
9 51
9 52
9 56
9 58
9 59
9 62
9 63
9 64
9 68
9 70
9 71
9 74
9 75
9 76
9 77
9 78
9 79
9 80
9 81
9 82
9 83
9 84
9 85
9 86
9 87
9 88
9 89
9 90
9 91
9 92
9 93
9 94
9 95
9 96
9 97
9 98
9 99
10 4
10 10
10 13
10 14
10 16
10 18
10 20
10 23
10 26
10 27
10 29
10 33
10 35
10 40
10 42
10 43
10 45
10 51
10 54
10 55
10 56
10 57
10 58
10 62
10 63
10 64
10 65
10 66
10 69
10 72
10 73
10 74
10 75
10 76
10 77
10 78
10 79
10 80
10 81
10 82
10 83
10 84
10 85
10 86
10 87
10 88
10 89
10 90
10 91
10 92
10 93
10 94
10 95
10 96
10 97
10 98
10 99
11 1
11 2
11 4
11 5
11 7
11 8
11 11
11 13
11 17
11 18
11 20
11 21
11 24
11 26
11 29
11 32
11 34
11 35
11 38
11 47
11 48
11 49
11 50
11 51
11 52
11 54
11 57
11 60
11 62
11 63
11 64
11 67
11 68
11 69
11 71
11 73
11 74
11 77
11 78
11 80
11 81
11 82
11 85
11 86
11 87
11 88
11 90
11 91
11 92
11 93
11 94
11 95
11 96
11 97
11 98
11 99
12 0
12 1
12 3
12 4
12 5
12 6
12 11
12 13
12 15
12 18
12 19
12 21
12 22
12 24
12 26
12 27
12 31
12 32
12 34
12 35
12 37
12 38
12 39
12 41
12 42
12 44
12 46
12 47
12 48
12 49
12 51
12 56
12 57
12 59
12 65
12 67
12 69
12 70
12 72
12 73
12 75
12 80
12 81
12 85
12 86
12 87
12 88
12 90
12 91
12 92
12 93
12 98
12 99
13 0
13 3
13 4
13 5
13 6
13 7
13 8
13 9
13 13
13 14
13 15
13 18
13 19
13 20
13 21
13 22
13 23
13 24
13 25
13 28
13 29
13 34
13 38
13 39
13 41
13 43
13 44
13 47
13 49
13 52
13 53
13 54
13 55
13 59
13 60
13 64
13 67
13 68
13 69
13 70
13 71
13 74
13 75
13 76
13 78
13 79
13 80
13 81
13 83
13 85
13 87
13 90
13 91
14 0
14 1
14 2
14 4
14 9
14 10
14 11
14 12
14 13
14 15
14 19
14 21
14 24
14 25
14 26
14 28
14 30
14 31
14 32
14 33
14 34
14 35
14 42
14 43
14 45
14 46
14 49
14 50
14 52
14 58
14 61
14 62
14 68
14 69
14 70
14 72
14 73
14 75
14 76
14 77
14 82
14 83
14 85
14 86
14 87
14 90
14 91
14 93
14 94
14 95
14 96
15 1
15 2
15 10
15 11
15 12
15 14
15 15
15 16
15 18
15 22
15 24
15 25
15 26
15 27
15 28
15 30
15 31
15 32
15 34
15 35
15 38
15 41
15 42
15 48
15 49
15 51
15 53
15 54
15 55
15 63
15 64
15 65
15 67
15 68
15 69
15 70
15 71
15 72
15 73
15 74
15 75
15 76
15 77
15 78
15 79
15 80
15 81
15 82
15 83
15 84
15 85
15 86
15 87
15 88
15 89
15 90
15 91
15 92
15 93
15 94
15 95
15 96
15 97
15 98
15 99
16 4
16 5
16 6
16 7
16 8
16 11
16 13
16 14
16 15
16 17
16 18
16 20
16 22
16 23
16 24
16 25
16 26
16 29
16 30
16 31
16 33
16 40
16 42
16 44
16 45
16 46
16 47
16 50
16 53
16 55
16 56
16 57
16 58
16 59
16 61
16 62
16 65
16 66
16 68
16 69
16 72
16 76
16 78
16 80
16 81
16 82
16 83
16 87
16 90
16 92
16 94
16 95
17 1
17 2
17 4
17 12
17 13
17 15
17 17
17 20
17 21
17 23
17 25
17 27
17 28
17 30
17 33
17 34
17 37
17 38
17 40
17 41
17 43
17 44
17 46
17 47
17 51
17 53
17 54
17 57
17 58
17 59
17 61
17 62
17 64
17 65
17 66
17 67
17 68
17 71
17 73
17 74
17 75
17 76
17 78
17 80
17 81
17 82
17 83
17 86
17 89
17 92
17 93
17 96
17 97
17 98
17 99
18 2
18 3
18 4
18 7
18 8
18 11
18 13
18 14
18 17
18 18
18 20
18 21
18 23
18 25
18 27
18 29
18 30
18 34
18 36
18 37
18 39
18 42
18 45
18 46
18 47
18 48
18 49
18 50
18 51
18 53
18 56
18 57
18 58
18 59
18 60
18 61
18 62
18 64
18 65
18 66
18 67
18 68
18 71
18 72
18 74
18 75
18 77
18 78
18 79
18 80
18 85
18 87
18 88
18 89
18 90
18 91
18 92
18 93
18 95
18 96
18 97
18 98
18 99
19 6
19 10
19 11
19 12
19 13
19 19
19 22
19 24
19 25
19 26
19 29
19 30
19 31
19 32
19 33
19 34
19 35
19 36
19 41
19 42
19 43
19 44
19 45
19 48
19 50
19 51
19 52
19 54
19 55
19 56
19 58
19 59
19 61
19 62
19 64
19 68
19 71
19 72
19 75
19 79
19 80
19 81
19 82
19 84
19 86
19 87
19 88
19 91
19 92
19 93
19 94
19 95
19 96
19 97
19 98
19 99
20 4
20 5
20 6
20 8
20 9
20 10
20 12
20 14
20 18
20 20
20 21
20 27
20 28
20 29
20 30
20 32
20 38
20 40
20 41
20 44
20 45
20 46
20 48
20 50
20 51
20 52
20 54
20 55
20 58
20 59
20 60
20 61
20 62
20 63
20 64
20 65
20 66
20 67
20 68
20 69
20 70
20 71
20 72
20 73
20 74
20 75
20 76
20 77
20 78
20 79
20 80
20 81
20 82
20 83
20 84
20 85
20 86
20 87
20 88
20 89
20 90
20 91
20 92
20 93
20 94
20 95
20 96
20 97
20 98
20 99
21 3
21 5
21 8
21 9
21 10
21 11
21 12
21 13
21 14
21 19
21 21
21 23
21 24
21 28
21 30
21 34
21 35
21 37
21 39
21 41
21 46
21 53
21 55
21 56
21 60
21 63
21 64
21 65
21 67
21 69
21 71
21 72
21 73
21 74
21 75
21 76
21 77
21 78
21 79
21 80
21 81
21 82
21 83
21 84
21 85
21 86
21 87
21 88
21 89
21 90
21 91
21 92
21 93
21 94
21 95
21 96
21 97
21 98
21 99
22 0
22 1
22 4
22 5
22 6
22 9
22 11
22 13
22 16
22 17
22 18
22 19
22 23
22 24
22 29
22 31
22 32
22 42
22 44
22 51
22 52
22 53
22 54
22 55
22 56
22 57
22 58
22 59
22 60
22 61
22 62
22 63
22 64
22 65
22 66
22 67
22 68
22 69
22 70
22 71
22 72
22 73
22 74
22 75
22 76
22 77
22 78
22 79
22 80
22 81
22 82
22 83
22 84
22 85
22 86
22 87
22 88
22 89
22 90
22 91
22 92
22 93
22 94
22 95
22 96
22 97
22 98
22 99
23 1
23 2
23 4
23 6
23 9
23 11
23 14
23 16
23 17
23 18
23 19
23 22
23 24
23 25
23 27
23 28
23 29
23 31
23 32
23 33
23 34
23 35
23 37
23 40
23 41
23 46
23 47
23 48
23 50
23 51
23 52
23 55
23 57
23 58
23 59
23 60
23 61
23 63
23 64
23 66
23 76
23 77
23 78
23 79
23 80
23 81
23 82
23 83
23 84
23 85
23 86
23 87
23 88
23 89
23 90
23 91
23 92
23 93
23 94
23 95
23 96
23 97
23 98
23 99
24 4
24 5
24 7
24 12
24 13
24 15
24 16
24 18
24 19
24 20
24 23
24 27
24 30
24 31
24 33
24 34
24 37
24 38
24 40
24 41
24 42
24 44
24 46
24 47
24 48
24 50
24 55
24 56
24 58
24 62
24 63
24 64
24 66
24 68
24 71
24 72
24 74
24 80
24 82
24 83
24 84
24 85
24 86
24 87
24 88
24 89
24 90
24 91
24 92
24 93
24 94
24 95
24 96
24 97
24 98
24 99
25 1
25 3
25 5
25 7
25 10
25 11
25 12
25 13
25 16
25 18
25 19
25 20
25 21
25 22
25 23
25 28
25 29
25 33
25 34
25 35
25 38
25 40
25 41
25 44
25 45
25 47
25 48
25 49
25 50
25 54
25 57
25 58
25 63
25 65
25 67
25 68
25 69
25 70
25 71
25 72
25 73
25 74
25 75
25 76
25 77
25 78
25 79
25 80
25 81
25 82
25 83
25 84
25 85
25 86
25 87
25 88
25 89
25 90
25 91
25 92
25 93
25 94
25 95
25 96
25 97
25 98
25 99
26 0
26 2
26 3
26 5
26 6
26 13
26 16
26 17
26 21
26 22
26 24
26 26
26 27
26 28
26 31
26 35
26 36
26 40
26 41
26 42
26 43
26 46
26 47
26 48
26 49
26 50
26 51
26 52
26 53
26 55
26 56
26 58
26 59
26 60
26 61
26 62
26 63
26 65
26 66
26 67
26 68
26 70
26 71
26 72
26 75
26 76
26 77
26 79
26 82
26 84
26 85
26 88
26 91
26 93
26 94
26 95
26 96
26 97
26 98
26 99
27 1
27 3
27 6
27 7
27 9
27 12
27 16
27 17
27 19
27 20
27 22
27 23
27 24
27 29
27 30
27 33
27 35
27 37
27 40
27 43
27 44
27 46
27 48
27 49
27 51
27 54
27 55
27 56
27 57
27 58
27 59
27 60
27 61
27 64
27 65
27 66
27 68
27 69
27 71
27 73
27 74
27 75
27 78
27 79
27 81
27 82
27 85
27 86
27 87
27 88
27 89
27 90
27 91
27 92
27 93
27 94
27 95
27 96
27 97
27 98
27 99
28 1
28 2
28 3
28 15
28 17
28 18
28 24
28 25
28 26
28 27
28 28
28 29
28 30
28 33
28 35
28 37
28 39
28 40
28 41
28 42
28 43
28 45
28 46
28 49
28 51
28 54
28 55
28 56
28 57
28 58
28 62
28 63
28 66
28 68
28 70
28 73
28 74
28 75
28 76
28 77
28 78
28 79
28 80
28 81
28 82
28 83
28 84
28 85
28 86
28 87
28 88
28 89
28 90
28 91
28 92
28 93
28 94
28 95
28 96
28 97
28 98
28 99
29 0
29 4
29 5
29 6
29 10
29 11
29 12
29 13
29 14
29 15
29 20
29 23
29 26
29 28
29 31
29 33
29 34
29 35
29 40
29 45
29 46
29 47
29 49
29 52
29 53
29 58
29 60
29 61
29 62
29 64
29 65
29 67
29 70
29 72
29 73
29 76
29 77
29 78
29 79
29 81
29 84
29 90
29 91
29 92
29 93
29 94
29 95
29 96
29 97
29 98
29 99