0 0
0 1
0 2
0 3
0 5
0 9
0 11
0 13
0 16
0 19
1 1
1 2
1 3
1 5
1 6
1 7
1 9
1 11
1 13
1 15
2 0
2 1
2 2
2 3
2 5
2 6
2 10
2 12
2 13
2 14
2 15
2 19
3 0
3 1
3 4
3 5
3 6
3 8
3 9
3 10
3 12
3 13
3 14
4 0
4 3
4 7
4 9
4 14
4 15
4 16
4 17
4 18
4 19
5 4
5 5
5 6
5 7
5 9
5 12
5 17
5 19
5 20
5 21
6 0
6 5
6 7
6 8
6 9
6 12
6 13
6 17
6 22
6 25
6 26
7 0
7 1
7 3
7 6
7 7
7 10
7 11
7 12
7 13
7 15
8 2
8 3
8 4
8 8
8 11
8 14
8 15
8 18
8 20
8 21
8 22
9 1
9 2
9 4
9 5
9 7
9 9
9 11
9 13
9 14
9 16
10 2
10 3
10 4
10 5
10 6
10 9
10 11
10 12
10 14
10 17
10 21
11 3
11 4
11 8
11 9
11 10
11 11
11 13
11 17
11 18
11 19
11 20
12 1
12 2
12 3
12 6
12 7
12 8
12 10
12 11
12 13
12 14
12 17
13 1
13 3
13 7
13 10
13 12
13 14
13 17
13 22
13 25
13 26
13 27
13 29
14 0
14 1
14 3
14 4
14 6
14 10
14 12
14 13
14 15
14 16
14 17
14 18
15 2
15 4
15 11
15 12
15 14
15 15
15 17
15 18
15 21
15 22
15 30
15 32
16 0
16 1
16 2
16 4
16 5
16 6
16 8
16 9
16 11
16 12
17 0
17 1
17 3
17 4
17 5
17 6
17 7
17 10
17 11
17 12
18 2
18 3
18 4
18 7
18 10
18 11
18 12
18 14
18 15
18 18
18 19
18 21
19 2
19 3
19 7
19 8
19 11
19 12
19 13
19 15
19 17
19 21
19 23
19 27
20 0
20 1
20 2
20 5
20 6
20 8
20 9
20 10
20 11
20 12
21 0
21 4
21 5
21 6
21 9
21 10
21 13
21 14
21 15
21 16
21 22
22 2
22 5
22 6
22 9
22 11
22 15
22 21
22 22
22 23
22 25
22 26
23 1
23 2
23 4
23 6
23 8
23 10
23 13
23 15
23 16
23 17
23 18
23 19
24 0
24 2
24 3
24 4
24 5
24 7
24 8
24 9
24 11
24 13
24 15
25 0
25 2
25 4
25 6
25 7
25 10
25 11
25 13
25 16
25 17
25 19
26 0
26 2
26 3
26 4
26 5
26 6
26 9
26 10
26 13
26 16
27 0
27 3
27 6
27 8
27 9
27 10
27 15
27 16
27 18
27 19
27 22
28 0
28 7
28 10
28 12
28 14
28 18
28 20
28 22
28 24
28 25
29 3
29 4
29 6
29 7
29 8
29 10
29 18
29 21
29 22
29 27
29 28
30 0
30 1
30 2
30 3
30 5
30 12
30 14
30 19
30 23
30 25
30 26
30 27
31 1
31 6
31 7
31 8
31 10
31 11
31 13
31 14
31 15
31 19
31 21
32 0
32 2
32 5
32 9
32 12
32 13
32 14
32 15
32 16
32 27
33 4
33 5
33 6
33 10
33 12
33 14
33 15
33 17
33 20
33 26
33 27
33 29
34 0
34 1
34 2
34 4
34 5
34 6
34 7
34 8
34 9
34 10
35 9
35 10
35 16
35 20
35 24
35 25
35 26
35 30
35 36
35 37
35 38
35 39
36 0
36 1
36 5
36 7
36 8
36 10
36 12
36 14
36 15
36 17
36 18
36 22
37 0
37 2
37 3
37 4
37 6
37 10
37 13
37 17
37 19
37 22
37 23
38 0
38 2
38 3
38 6
38 7
38 9
38 10
38 13
38 16
38 17
39 2
39 5
39 7
39 8
39 11
39 12
39 13
39 15
39 21
39 22
39 24
40 3
40 4
40 8
40 10
40 11
40 12
40 17
40 18
40 19
40 21
40 23
41 0
41 4
41 5
41 8
41 10
41 14
41 15
41 17
41 19
41 20
41 22
42 0
42 1
42 2
42 3
42 6
42 7
42 10
42 12
42 14
42 17
42 18
42 19
43 0
43 2
43 3
43 4
43 5
43 8
43 10
43 11
43 12
43 13
44 2
44 6
44 8
44 10
44 11
44 12
44 15
44 17
44 20
44 22
45 0
45 4
45 5
45 6
45 7
45 9
45 10
45 11
45 16
45 21
45 23
45 33
46 0
46 1
46 3
46 6
46 10
46 12
46 13
46 15
46 18
46 19
47 2
47 6
47 8
47 9
47 10
47 11
47 12
47 13
47 14
47 16
47 18
47 19
48 0
48 1
48 5
48 6
48 10
48 11
48 13
48 15
48 16
48 18
48 22
48 25
49 1
49 3
49 5
49 6
49 9
49 13
49 15
49 17
49 18
49 19
49 24
49 299