0 2
0 6
0 9
0 10
0 11
0 13
0 14
0 15
0 16
0 20
0 21
0 22
0 23
0 25
0 30
0 31
0 32
0 38
0 39
0 41
0 44
0 45
0 46
0 47
0 50
0 55
0 58
0 61
0 63
0 65
1 0
1 5
1 6
1 7
1 8
1 9
1 14
1 18
1 21
1 22
1 24
1 25
1 29
1 32
1 33
1 34
1 37
1 38
1 39
1 40
1 42
1 43
1 47
1 48
1 49
1 53
1 56
1 58
1 62
1 64
1 67
1 68
1 69
1 71
1 75
1 76
1 77
1 79
1 80
1 81
1 82
1 88
1 90
1 96
1 97
1 98
1 99
1 102
1 104
1 105
2 0
2 1
2 2
2 3
2 4
2 5
2 11
2 12
2 13
2 14
2 15
2 16
2 17
2 18
2 21
2 23
2 25
2 26
2 27
2 28
2 30
2 33
2 34
3 1
3 3
3 5
3 7
3 8
3 9
3 10
3 11
3 13
3 15
3 16
3 17
3 19
3 20
3 21
3 22
3 24
3 29
3 30
4 0
4 1
4 3
4 4
4 5
4 6
4 7
4 8
4 9
4 11
4 13
4 18
4 21
4 22
4 23
5 1
5 3
5 5
5 6
5 7
5 9
5 10
5 13
5 16
5 17
5 19
5 20
5 22
5 23
5 24
6 0
6 1
6 2
6 5
6 6
6 7
6 8
6 10
6 11
6 12
6 14
6 20
6 27
6 30
6 31
6 32
6 35
6 36
6 37
6 38
6 40
6 42
6 43
6 44
6 51
6 54
6 55
6 56
6 57
6 59
6 60
6 61
6 65
6 68
6 71
6 72
6 74
6 75
6 76
6 77
7 1
7 2
7 3
7 4
7 5
7 10
7 13
7 14
7 15
7 16
7 17
8 0
8 1
8 5
8 7
8 9
8 10
8 12
8 16
8 18
8 20
8 22
8 23
8 24
8 27
8 29
8 30
8 33
8 34
8 37
8 42
8 43
8 48
8 53
8 56
8 58
8 59
8 60
8 61
8 62
8 67
8 68
8 72
8 73
8 78
8 80
8 82
9 0
9 2
9 4
9 5
9 6
9 7
9 9
9 11
9 15
9 20
9 24
9 26
9 27
9 29
9 30
9 34
9 37
9 39
9 40
9 41
9 42
9 43
9 47
9 49
9 53
9 54
10 5
10 7
10 8
10 9
10 13
10 15
10 16
10 19
10 21
10 23
10 25
10 29
10 31
10 32
10 33
10 36
10 37
10 39
10 41
10 44
10 45
10 52
10 53
10 54
10 55
10 56
10 57
10 60
10 65
10 66
10 68
10 70
10 72
10 74
10 75
10 78
10 79
10 80
10 81
10 82
10 85
10 88
11 1
11 3
11 5
11 6
11 8
11 11
11 12
11 19
11 21
11 23
11 24
11 26
11 27
11 29
11 30
11 31
11 32
11 36
11 39
11 40
11 41
11 42
11 45
11 50
12 1
12 3
12 4
12 8
12 10
12 15
12 16
12 17
12 18
12 21
12 23
12 24
12 25
12 28
12 30
12 31
12 33
12 34
12 35
13 0
13 2
13 3
13 5
13 7
13 8
13 9
13 10
13 11
13 13
13 14
13 15
13 16
13 21
13 23
13 29
13 30
13 32
13 33
13 35
13 38
13 39
13 40
14 0
14 1
14 2
14 3
14 6
14 8
14 10
14 13
14 18
14 20
14 21
14 26
14 27
14 29
14 32
14 34
14 39
14 43
14 44
14 45
14 48
14 54
14 56
14 58
14 59
14 65
14 69
14 71
14 72
14 73
14 74
14 76
14 77
14 81
14 86
14 88
14 91
14 92
14 93
14 96
14 97
14 99
15 0
15 2
15 4
15 5
15 6
15 8
15 11
15 13
15 14
15 17
15 22
15 24
15 25
15 26
15 29
16 1
16 3
16 6
16 8
16 9
16 11
16 12
16 13
16 14
16 15
16 17
16 18
16 22
16 27
16 30
16 31
16 33
16 34
16 36
16 37
16 38
16 40
16 41
16 42
16 43
16 45
16 46
16 47
16 49
17 0
17 2
17 6
17 7
17 8
17 11
17 12
17 13
17 14
17 15
17 16
17 17
17 19
17 20
17 21
17 22
17 27
17 28
17 30
17 31
17 32
17 33
18 0
18 4
18 5
18 6
18 7
18 8
18 10
18 12
18 13
18 14
18 16
18 17
18 19
18 20
18 22
18 23
18 24
18 25
18 26
18 34
18 36
18 41
18 43
18 45
18 49
18 50
18 53
18 54
18 55
18 56
19 3
19 5
19 6
19 8
19 9
19 10
19 11
19 13
19 15
19 16
19 17
19 21
19 23
19 24
19 25
19 27
19 30
19 35
19 36
19 37
19 40
19 43
19 45
19 48
19 49
19 51
19 54
19 55
19 56
19 57
19 62
19 63
19 64
19 65
19 71
19 78
20 1
20 3
20 6
20 9
20 11
20 13
20 14
20 20
20 24
20 26
20 28
20 31
20 32
20 34
20 37
20 39
20 40
20 41
20 43
20 44
20 46
21 0
21 1
21 2
21 8
21 9
21 11
21 12
21 15
21 17
21 18
21 20
21 21
21 22
21 29
21 31
21 32
21 36
21 37
21 38
21 39
21 40
21 41
21 42
21 43
21 44
21 45
21 50
21 52
21 54
21 55
21 57
21 60
21 66
21 67
21 69
21 70
21 71
21 73
21 76
21 77
21 78
21 79
21 80
22 1
22 3
22 7
22 8
22 9
22 10
22 11
22 16
22 17
22 22
22 23
22 27
22 28
22 29
22 31
22 32
22 33
22 34
22 36
22 37
22 38
23 0
23 6
23 8
23 9
23 12
23 14
23 15
23 17
23 18
23 27
23 29
23 30
23 31
23 32
24 1
24 2
24 5
24 8
24 11
24 12
24 13
24 14
24 15
24 16
24 18
24 19
24 20
24 21
24 23
24 29
24 33
24 34
24 35
24 37
24 39
24 40
24 42
24 43
24 46
24 55
24 56
24 57
24 58
24 59
24 61
24 65
24 66
25 0
25 1
25 4
25 5
25 7
25 10
25 11
25 13
25 14
25 15
25 17
25 18
25 19
25 20
25 21
25 25
25 27
25 28
25 29
25 31
25 32
26 1
26 2
26 6
26 8
26 10
26 14
26 17
26 20
26 21
26 22
26 26
26 28
26 30
26 32
26 35
26 36
26 37
26 41
26 43
26 44
26 45
26 47
26 49
26 50
26 53
26 54
26 55
26 57
26 60
26 63
26 64
26 65
26 66
26 67
26 68
26 69
26 70
27 0
27 2
27 4
27 8
27 9
27 10
27 11
27 12
27 13
27 14
28 0
28 3
28 6
28 8
28 10
28 11
28 13
28 14
28 16
28 24
28 26
28 30
28 31
28 34
28 36
28 37
28 39
28 40
28 46
28 48
28 49
28 50
28 51
28 55
29 6
29 7
29 8
29 9
29 11
29 13
29 14
29 17
29 18
29 22
30 0
30 1
30 3
30 6
30 8
30 11
30 13
30 14
30 15
30 16
30 18
30 20
30 21
30 23
30 25
30 29
30 31
30 34
30 35
30 38
30 39
30 40
30 44
30 46
30 47
30 48
30 50
30 52
30 53
30 61
30 65
30 66
30 68
30 69
30 70
30 72
30 74
30 76
30 77
30 82
30 84
30 86
30 87
30 88
30 92
30 93
30 94
30 95
30 98
31 1
31 4
31 6
31 9
31 10
31 11
31 13
31 15
31 18
31 19
31 22
31 24
31 25
31 27
31 28
31 33
31 35
31 37
31 42
31 46
31 48
31 50
31 52
31 56
31 57
31 59
31 62
31 64
31 67
31 69
31 70
31 73
31 77
31 78
31 81
31 82
31 83
31 84
31 85
31 91
31 92
31 93
31 96
31 98
32 2
32 3
32 6
32 7
32 9
32 12
32 13
32 20
32 22
32 23
32 25
32 26
32 27
32 29
32 31
32 32
32 33
32 36
32 37
32 40
32 41
33 0
33 1
33 3
33 4
33 5
33 6
33 9
33 11
33 13
33 14
33 16
33 20
33 21
33 22
33 23
33 25
33 26
33 31
33 34
33 35
33 38
33 40
33 41
33 42
33 44
33 55
34 5
34 6
34 7
34 10
34 11
34 13
34 16
34 17
34 18
34 19
34 21
34 24
34 25
34 30
34 32
34 35
34 36
34 37
34 39
34 40
34 41
34 45
34 46
34 49
34 52
34 56
34 57
34 58
34 59
34 62
34 63
34 64
34 66
34 68
34 69
34 70
34 71
34 72
34 75
34 76
34 78
34 79
34 80
34 83
34 84
34 85
34 86
34 89
34 91
34 92
35 1
35 2
35 3
35 5
35 6
35 8
35 9
35 12
35 13
35 16
35 18
35 20
35 21
35 23
35 24
35 25
35 26
35 31
35 33
35 35
35 37
35 41
35 43
35 50
35 51
35 52
35 55
35 56
35 57
35 59
35 62
35 63
35 64
35 66
35 69
35 70
35 73
35 75
35 76
35 77
35 78
35 79
35 82
35 83
35 84
35 85
35 87
36 1
36 3
36 8
36 12
36 14
36 15
36 16
36 18
36 22
36 23
36 27
36 28
36 30
36 31
36 32
36 37
36 39
36 40
37 2
37 5
37 7
37 8
37 9
37 12
37 16
37 17
37 18
37 19
37 22
37 24
37 26
37 27
37 28
37 29
37 31
37 32
37 33
37 34
37 36
37 38
37 40
37 42
37 43
37 47
37 48
37 50
37 57
37 58
37 59
37 61
37 62
37 63
38 0
38 1
38 2
38 4
38 7
38 8
38 9
38 10
38 11
38 12
38 15
38 17
38 18
38 21
38 22
38 23
38 25
38 26
38 29
38 30
38 32
38 33
38 34
38 37
38 38
38 39
38 41
38 42
38 46
38 48
38 51
38 52
38 53
38 55
38 61
38 63
38 64
38 65
38 66
38 67
38 70
38 71
38 75
38 76
38 77
38 79
39 0
39 2
39 3
39 4
39 5
39 8
39 11
39 12
39 13
39 15
39 16
39 24
39 25
39 27
39 28
39 32
39 33
39 35
39 36
39 37
39 38
39 40
39 42
39 43
39 45
40 1
40 2
40 3
40 6
40 7
40 9
40 11
40 12
40 16
40 17
40 21
40 22
40 23
40 26
40 27
40 28
40 29
40 30
40 31
40 32
40 33
40 34
40 35
41 0
41 3
41 4
41 7
41 8
41 9
41 10
41 12
41 15
41 16
41 19
41 24
41 26
41 28
41 29
41 30
41 31
42 1
42 2
42 4
42 11
42 12
42 14
42 16
42 17
42 19
42 21
42 22
42 23
42 26
42 27
42 28
42 30
42 31
42 32
42 33
42 34
42 38
42 41
42 42
42 47
42 50
42 51
42 53
42 55
42 56
42 57
42 59
42 60
42 62
42 64
42 68
42 70
42 72
42 79
42 84
42 85
42 86
42 87
43 0
43 4
43 5
43 6
43 7
43 8
43 9
43 20
43 22
43 23
43 24
43 25
43 27
43 30
43 32
43 33
43 37
43 42
43 43
43 44
43 45
43 48
43 50
43 51
43 53
43 58
43 61
43 62
43 64
43 67
43 68
43 73
43 75
43 76
43 79
43 80
43 81
43 82
43 83
43 85
43 86
43 88
43 90
43 91
43 93
43 95
43 98
43 100
43 101
44 4
44 7
44 10
44 11
44 13
44 14
44 16
44 17
44 18
44 20
44 21
44 22
44 26
44 27
44 28
44 29
44 30
45 0
45 1
45 4
45 8
45 9
45 11
45 13
45 14
45 15
45 16
45 18
45 19
45 20
45 21
45 22
45 23
45 24
45 25
45 26
45 27
45 28
45 30
45 34
45 35
45 36
46 2
46 3
46 6
46 7
46 8
46 9
46 10
46 11
46 13
46 14
46 17
46 21
46 24
46 25
46 27
46 28
46 29
46 30
46 31
46 34
46 35
46 36
46 38
46 39
46 40
47 0
47 1
47 4
47 6
47 7
47 8
47 9
47 10
47 11
47 12
47 14
47 16
47 17
47 18
47 19
47 20
47 23
47 29
47 30
47 32
47 33
47 34
47 36
47 37
47 39
47 41
47 42
47 44
47 46
47 47
47 50
47 55
47 56
47 59
47 60
47 61
47 62
47 64
47 65
47 67
47 68
48 1
48 3
48 6
48 7
48 8
48 9
48 11
48 13
48 15
48 16
48 19
48 20
48 21
48 23
48 24
48 26
48 27
48 28
48 31
48 33
48 36
48 37
48 38
48 40
48 42
48 43
48 44
48 46
48 47
48 49
48 50
48 56
48 60
48 61
48 63
48 64
48 65
48 66
48 68
48 69
48 71
48 72
48 73
49 0
49 1
49 3
49 4
49 7
49 8
49 9
49 11
49 12
49 16
49 20
49 21
49 22
49 24
49 27
49 28
49 33
49 36
49 39
49 41
49 42
49 46
49 48
49 49
49 51
49 52
49 55
49 57
49 59
49 62
49 64
49 68
49 72
49 73
49 74
49 75
49 76
49 80
49 81
49 82
49 88
49 90
49 98
49 100
49 101
49 103
49 108
49 109
50 1
50 3
50 5
50 6
50 9
50 10
50 15
50 18
50 20
50 22
50 23
50 24
50 25
50 26
50 28
50 33
50 35
50 36
50 38
50 40
50 42
50 43
50 44
50 46
50 50
50 54
50 56
50 61
50 62
51 0
51 9
51 11
51 13
51 14
51 19
51 20
51 22
51 26
51 35
51 36
51 38
51 39
51 41
51 42
51 43
51 44
51 45
51 47
51 51
51 53
51 54
51 55
51 56
51 59
51 60
51 61
51 62
51 65
51 66
51 68
51 71
51 73
51 74
51 75
51 76
51 81
51 82
51 83
51 84
52 1
52 7
52 8
52 10
52 12
52 13
52 14
52 17
52 21
52 22
52 23
52 24
52 29
52 30
52 31
52 34
52 35
52 36
52 42
52 43
52 46
52 47
52 48
52 50
52 51
52 54
52 56
52 58
52 60
52 61
53 2
53 3
53 7
53 8
53 10
53 11
53 13
53 14
53 15
53 17
53 20
53 22
53 23
54 0
54 1
54 3
54 5
54 6
54 15
54 16
54 17
54 18
54 21
55 0
55 1
55 3
55 4
55 5
55 6
55 7
55 9
55 10
55 11
55 12
55 16
55 17
55 18
55 25
55 27
55 30
55 31
55 35
55 37
55 39
55 40
55 42
55 43
55 48
56 0
56 2
56 3
56 5
56 6
56 9
56 10
56 12
56 14
56 17
56 19
56 20
56 22
56 25
56 27
56 29
56 30
56 35
56 36
56 37
56 39
56 41
56 42
56 45
56 46
56 47
56 49
56 53
56 61
56 63
56 65
56 67
56 69
56 71
56 72
56 73
56 75
56 79
56 82
56 83
56 84
56 86
56 87
56 91
56 92
57 1
57 3
57 5
57 9
57 10
57 11
57 13
57 15
57 16
57 18
57 19
57 21
57 22
57 23
57 24
57 25
57 26
57 30
57 35
57 36
57 37
57 40
57 42
57 43
57 48
57 49
57 50
57 52
57 53
57 55
57 57
57 59
57 65
57 67
57 68
58 2
58 3
58 5
58 8
58 9
58 10
58 15
58 16
58 18
58 19
58 20
58 21
58 23
58 24
58 25
58 27
58 29
58 31
58 32
58 33
58 35
58 37
58 38
58 39
58 40
58 41
58 42
58 43
58 44
58 47
58 48
58 50
58 51
58 53
59 1
59 2
59 3
59 5
59 6
59 7
59 8
59 10
59 12
59 14
59 16
59 18
59 20
59 21
59 22
59 27
59 28
59 29
59 31
59 32
59 33
59 34
59 35
59 36
59 37
59 38
60 5
60 9
60 11
60 16
60 20
60 21
60 23
60 28
60 31
60 33
60 36
60 39
61 2
61 3
61 5
61 7
61 8
61 9
61 10
61 11
61 12
61 14
61 15
61 17
61 18
61 20
61 23
61 27
61 32
61 33
61 34
61 35
61 37
61 38
61 39
61 40
61 41
62 0
62 3
62 4
62 5
62 6
62 7
62 8
62 9
62 13
62 14
62 16
62 20
62 23
62 24
62 27
62 28
62 31
62 32
62 35
62 36
62 38
62 39
62 40
62 42
62 45
62 46
62 49
62 52
62 56
62 59
62 60
62 61
62 65
62 66
62 67
62 70
63 2
63 3
63 4
63 5
63 8
63 9
63 10
63 13
63 18
63 20
63 21
63 24
63 25
63 27
63 28
63 31
63 33
63 35
63 36
63 37
63 38
63 39
63 42
63 43
63 44
63 47
63 48
63 50
63 56
63 57
63 62
63 63
63 64
63 68
63 69
63 70
63 72
63 74
63 75
63 77
64 1
64 4
64 5
64 6
64 9
64 10
64 11
64 12
64 13
64 18
64 20
64 22
64 24
64 25
64 26
64 33
64 37
64 38
64 40
64 41
64 42
64 50
64 52
64 53
64 54
64 55
65 0
65 3
65 7
65 9
65 10
65 12
65 16
65 17
65 21
65 24
65 35
65 37
65 41
65 43
65 46
65 50
65 51
65 52
65 53
65 54
65 55
65 56
65 59
65 61
65 64
65 65
65 67
65 68
65 69
65 71
65 73
65 74
65 75
65 77
65 78
65 80
65 81
65 82
65 83
65 84
65 85
65 86
65 89
65 92
66 1
66 2
66 3
66 4
66 7
66 8
66 9
66 14
66 16
66 20
66 21
66 24
66 29
66 30
66 31
66 32
66 35
66 37
66 38
67 4
67 7
67 8
67 9
67 11
67 14
67 16
67 17
67 18
67 21
67 22
67 24
67 26
67 28
67 30
67 32
68 3
68 6
68 7
68 10
68 11
68 14
68 19
68 23
68 25
68 26
68 27
68 30
68 33
68 34
68 35
68 36
68 41
68 42
68 44
68 45
68 46
68 47
68 49
68 53
68 54
68 55
68 56
68 60
68 63
68 66
68 67
68 71
68 72
68 73
68 74
68 75
68 79
68 81
68 83
68 84
69 0
69 1
69 2
69 4
69 6
69 13
69 15
69 16
69 17
69 24
69 25
69 27
70 0
70 2
70 5
70 6
70 8
70 11
70 12
70 13
70 14
70 15
70 20
70 23
70 24
70 28
70 29
70 30
70 31
70 32
70 34
70 35
70 39
70 40
70 42
70 43
70 46
70 47
70 49
70 51
70 53
71 0
71 1
71 2
71 5
71 7
71 8
71 9
71 10
71 13
71 14
71 15
71 16
71 18
71 19
71 20
71 23
71 25
71 26
71 27
71 29
71 30
71 32
71 35
71 36
71 39
71 41
71 42
72 4
72 5
72 6
72 7
72 10
72 12
72 13
72 18
72 24
72 25
72 30
72 31
72 32
72 36
72 37
72 39
72 45
72 46
72 47
73 3
73 7
73 9
73 10
73 12
73 15
73 16
73 17
73 18
73 19
73 23
73 24
73 27
73 28
73 32
73 33
73 35
73 37
73 41
74 3
74 4
74 6
74 7
74 11
74 12
74 13
74 17
74 18
74 19
74 21
74 26
74 28
74 30
74 31
74 35
74 37
74 38
74 40
74 41
74 43
74 45
74 46
74 49
74 51
74 53
74 54
74 56
74 59
74 62
74 63
74 64
74 65
74 66
74 73
74 74
74 75
74 78
74 80
74 84
74 749