0 2
0 9
0 10
0 13
0 14
0 15
0 16
0 18
0 25
0 28
0 31
0 34
0 35
0 37
0 40
0 42
0 43
0 45
0 47
0 49
0 50
0 56
1 1
1 4
1 5
1 6
1 7
1 8
1 10
1 11
1 13
1 14
1 16
1 19
1 21
1 22
1 24
1 26
1 27
1 29
1 30
1 32
1 37
1 39
1 41
1 46
1 48
1 49
1 51
1 54
1 56
1 58
1 59
1 60
1 63
2 0
2 1
2 2
2 3
2 6
2 7
2 10
2 11
2 12
2 16
2 17
2 19
2 20
2 22
2 25
2 26
2 29
2 30
2 31
2 32
2 34
3 3
3 9
3 12
3 13
3 14
3 15
3 19
3 20
3 22
3 24
3 26
3 27
3 28
3 29
3 33
3 34
3 36
3 37
3 39
3 40
3 42
3 43
3 44
3 46
3 49
3 50
3 52
3 53
3 55
3 57
3 60
3 62
3 64
3 66
3 72
3 73
3 74
4 1
4 3
4 4
4 5
4 7
4 8
4 9
4 12
4 15
4 16
4 20
4 21
4 22
4 23
4 25
4 26
4 28
4 29
4 30
4 32
4 33
4 36
4 37
4 49
4 51
4 52
4 55
5 0
5 4
5 7
5 9
5 10
5 13
5 15
5 16
5 20
5 23
5 24
5 25
5 29
5 31
5 34
5 35
5 38
5 40
5 41
5 43
5 46
5 48
5 52
5 53
5 54
5 56
5 57
5 59
5 61
5 63
5 64
5 65
5 66
5 67
5 68
5 69
5 72
5 73
5 75
5 78
5 79
5 80
5 83
5 85
5 88
5 90
5 92
5 94
5 96
5 99
6 0
6 4
6 6
6 8
6 9
6 13
6 14
6 15
6 17
6 18
6 19
6 21
6 22
7 0
7 6
7 8
7 9
7 11
7 12
7 15
7 16
7 17
7 18
7 20
7 23
7 28
7 34
7 35
7 38
7 41
7 43
7 46
7 50
7 51
7 53
7 54
7 58
7 60
8 0
8 1
8 3
8 5
8 6
8 7
8 8
8 9
8 11
8 12
8 13
8 14
8 16
8 18
8 20
8 24
8 26
8 27
8 32
8 37
8 39
8 40
8 42
8 44
8 45
8 46
8 48
8 51
8 53
8 54
8 55
8 57
8 60
8 61
8 69
8 70
8 71
8 72
9 0
9 1
9 2
9 6
9 10
9 14
9 15
9 16
9 17
9 20
9 21
9 22
9 24
9 26
10 5
10 7
10 9
10 12
10 14
10 15
10 16
10 17
10 18
10 21
10 24
10 25
10 27
10 28
10 32
11 2
11 4
11 7
11 8
11 10
11 11
11 15
11 18
11 20
11 22
11 23
11 24
11 27
11 31
11 36
11 39
11 40
11 41
11 43
11 46
11 48
11 49
11 51
11 52
11 54
11 56
11 57
11 58
11 59
11 61
11 63
11 64
11 65
11 66
11 69
11 71
11 82
11 83
11 86
11 87
11 91
11 95
11 99
12 4
12 5
12 11
12 12
12 13
12 14
12 18
12 19
12 21
12 23
12 25
12 26
12 27
12 31
12 34
12 38
12 40
12 42
12 43
12 47
12 49
12 51
12 52
12 54
12 55
12 56
12 57
12 59
12 62
12 63
12 64
12 65
12 66
12 72
13 2
13 3
13 9
13 11
13 12
13 13
13 14
13 15
13 16
13 22
13 26
13 27
13 31
13 38
13 39
13 40
13 42
13 44
13 47
13 48
13 50
13 54
13 57
13 58
13 61
13 62
13 63
13 67
13 68
13 72
13 74
13 75
13 79
13 80
14 0
14 3
14 5
14 8
14 12
14 14
14 16
14 21
14 23
14 24
14 27
14 28
14 32
14 34
14 35
14 37
14 39
14 41
14 43
14 47
14 48
14 49
14 50
14 52
14 55
14 58
14 61
14 63
14 65
14 67
14 69
14 71
14 73
14 74
14 79
14 80
14 82
14 83
14 84
14 85
14 86
14 90
14 92
15 0
15 2
15 4
15 5
15 6
15 7
15 9
15 10
15 21
15 24
15 27
15 28
15 30
15 32
15 34
15 36
15 38
15 40
15 41
15 44
15 46
15 48
15 49
15 50
15 52
15 53
15 54
15 55
15 56
15 58
15 59
15 60
15 62
15 63
15 64
15 66
15 70
15 71
15 73
15 74
15 78
15 79
15 80
15 82
15 83
16 3
16 4
16 5
16 6
16 7
16 8
16 9
16 10
16 16
16 19
16 20
16 21
16 25
16 27
16 28
17 0
17 4
17 7
17 10
17 12
17 14
17 18
17 19
17 20
17 21
17 25
17 29
17 31
17 32
17 34
17 35
17 36
17 41
17 42
17 44
17 45
17 46
17 47
17 51
17 56
17 58
17 59
17 63
17 71
17 73
17 75
17 77
17 80
17 81
17 84
17 85
17 87
17 88
17 94
17 95
18 1
18 2
18 7
18 8
18 10
18 12
18 13
18 15
18 17
18 18
18 22
18 23
18 24
18 25
18 28
18 31
18 32
18 34
18 37
18 40
18 42
18 43
18 46
18 47
18 50
18 51
18 53
18 54
18 55
18 56
18 58
18 61
18 62
18 63
18 66
18 75
18 78
19 0
19 1
19 5
19 6
19 9
19 10
19 11
19 13
19 15
19 17
20 0
20 2
20 3
20 7
20 9
20 11
20 19
20 20
20 23
20 29
20 31
20 33
20 34
20 37
20 38
20 39
21 1
21 2
21 3
21 5
21 6
21 7
21 8
21 9
21 10
21 11
21 12
21 13
21 14
21 16
21 18
21 19
21 20
21 25
21 26
21 29
21 32
21 33
21 35
21 37
21 39
21 46
21 47
21 48
21 49
21 50
21 52
21 54
21 56
21 57
21 64
21 74
21 75
22 1
22 3
22 6
22 7
22 9
22 11
22 17
22 18
22 21
22 23
22 24
22 26
22 27
22 31
22 33
22 36
22 37
22 39
22 40
22 41
22 42
22 44
22 45
22 46
22 57
22 58
23 0
23 1
23 3
23 8
23 13
23 16
23 21
23 22
23 23
23 24
23 26
23 34
23 35
23 38
23 39
23 40
23 42
23 44
23 47
23 51
23 52
23 54
23 56
23 57
23 61
23 62
23 67
23 69
23 71
23 73
23 75
23 79
23 82
23 84
23 87
23 88
23 89
23 90
24 2
24 3
24 6
24 11
24 13
24 14
24 15
24 17
24 18
24 19
24 23
24 24
24 25
24 26
24 27
24 29
24 31
24 32
24 35
24 39
24 42
25 0
25 1
25 2
25 4
25 5
25 11
25 19
25 20
25 23
25 24
25 25
25 26
25 28
25 30
25 31
25 32
25 33
25 34
25 36
25 38
25 40
25 42
25 43
25 44
25 47
25 48
25 49
25 50
25 51
25 55
25 57
25 59
25 60
25 61
25 62
25 63
25 65
25 67
25 69
25 70
25 72
25 77
26 1
26 2
26 3
26 4
26 7
26 9
26 10
26 11
26 13
26 14
26 16
26 18
26 20
26 21
26 22
26 23
26 24
26 26
26 29
26 32
26 37
26 39
26 42
26 43
26 45
26 46
26 47
26 49
26 50
26 52
26 53
26 54
26 55
26 56
26 60
26 64
27 1
27 2
27 4
27 7
27 8
27 9
27 14
27 15
27 18
27 20
27 22
27 28
27 30
27 31
27 33
27 34
27 38
27 40
27 43
27 47
27 49
27 50
27 51
27 52
27 54
27 57
27 59
27 60
27 62
27 63
27 65
27 67
28 1
28 2
28 4
28 7
28 9
28 11
28 12
28 13
28 14
28 16
28 19
28 21
28 23
28 24
28 25
28 29
28 32
28 33
28 35
28 36
28 38
28 39
28 40
28 43
28 45
28 46
28 48
28 50
28 51
29 0
29 1
29 3
29 6
29 8
29 9
29 10
29 12
29 15
29 18
29 21
29 22
29 23
29 24
29 25
29 26
29 30
29 31
29 32
29 38
29 41
29 49
29 50
29 53
29 58
29 61
29 63
29 66
29 68
29 73
29 74
29 77
29 78
29 79
29 82
29 83
29 84
29 86
29 88
29 92
29 94
29 95
29 96
29 98
29 99
30 0
30 1
30 4
30 10
30 11
30 12
30 16
30 19
30 20
30 23
30 24
30 25
30 26
30 29
30 32
30 35
30 36
30 38
30 39
30 40
30 41
30 42
30 43
30 44
30 50
30 52
30 56
30 57
30 59
30 60
30 73
31 1
31 5
31 9
31 10
31 11
31 15
31 16
31 19
31 21
31 22
31 24
31 26
31 27
31 29
31 30
31 35
31 36
31 37
31 41
32 0
32 1
32 4
32 5
32 8
32 9
32 13
32 15
32 21
32 25
32 27
32 34
32 35
32 38
32 40
32 41
32 43
32 45
32 47
32 48
32 49
32 53
32 54
32 56
32 58
32 59
32 62
32 67
32 69
32 70
32 73
32 74
32 75
32 77
32 78
32 79
32 80
33 0
33 1
33 3
33 5
33 6
33 8
33 11
33 12
33 14
33 15
33 20
33 21
33 24
33 25
33 26
33 27
33 28
33 30
33 31
33 32
33 33
33 34
33 36
34 0
34 3
34 6
34 7
34 9
34 11
34 13
34 16
34 17
34 20
34 21
34 23
34 24
34 26
34 27
34 29
34 32
34 34
34 35
34 36
34 37
34 39
34 41
34 49
34 50
34 51
34 55
34 57
34 58
34 59
34 60
34 62
34 65
34 67
34 69
35 0
35 2
35 4
35 8
35 9
35 10
35 11
35 12
35 14
35 15
35 18
35 20
35 22
35 23
35 24
35 26
35 27
35 31
35 33
35 36
35 37
35 40
35 41
35 42
35 45
35 46
35 47
35 48
35 50
35 52
35 53
35 54
35 56
35 59
35 60
35 66
35 67
35 70
35 71
35 72
35 73
35 75
35 80
35 82
35 84
35 87
35 88
35 89
35 91
35 93
36 1
36 3
36 4
36 7
36 8
36 9
36 13
36 14
36 15
36 16
36 23
36 24
36 27
36 28
36 30
36 33
37 3
37 4
37 5
37 7
37 8
37 12
37 15
37 17
37 18
37 19
37 20
37 21
37 22
37 24
37 25
37 26
37 27
37 29
37 30
37 31
37 34
37 40
37 41
37 44
37 47
37 48
37 50
37 51
37 52
37 54
37 55
37 59
37 62
37 63
37 65
38 2
38 3
38 6
38 10
38 11
38 14
38 15
38 19
38 22
38 24
38 25
38 28
38 36
38 40
38 47
38 48
38 51
38 52
38 66
38 71
38 73
38 76
38 77
39 1
39 2
39 3
39 5
39 6
39 10
39 11
39 12
39 13
39 18
39 21
39 22
39 24
39 28
39 30
39 31
39 32
39 34
39 35
39 37
39 38
39 39
39 41
39 42
40 2
40 5
40 8
40 9
40 10
40 11
40 12
40 13
40 16
40 17
41 2
41 3
41 4
41 6
41 8
41 9
41 12
41 13
41 14
41 16
41 19
41 22
41 33
41 34
41 35
41 37
41 41
41 44
41 50
41 51
41 53
41 54
41 55
41 56
41 57
41 58
41 59
41 62
42 1
42 2
42 3
42 4
42 5
42 6
42 7
42 11
42 12
42 15
42 16
42 17
42 20
42 23
42 24
42 25
42 26
42 30
42 32
42 34
42 35
42 36
42 39
42 40
42 42
42 43
42 44
42 46
42 49
42 51
42 52
42 53
42 54
42 57
42 61
42 63
42 64
42 65
42 66
42 67
42 69
43 1
43 4
43 5
43 7
43 10
43 12
43 13
43 14
43 16
43 19
43 20
43 21
43 22
43 25
43 27
44 0
44 1
44 5
44 6
44 7
44 8
44 11
44 12
44 14
44 16
44 18
44 19
44 20
44 22
44 24
44 25
44 27
44 30
44 31
44 33
44 38
44 39
44 40
44 41
44 42
44 44
44 45
44 49
44 50
44 51
44 52
44 53
44 56
44 59
44 60
44 61
44 63
45 0
45 1
45 2
45 3
45 10
45 11
45 17
45 18
45 19
45 20
45 21
45 22
45 24
45 26
45 28
45 32
45 34
45 35
45 36
45 39
45 43
45 45
45 47
45 48
45 49
45 50
45 52
45 55
45 56
45 57
46 0
46 1
46 3
46 4
46 5
46 7
46 8
46 10
46 12
46 13
46 16
46 17
46 23
46 24
46 27
46 29
46 30
46 31
46 32
46 35
46 38
46 39
46 40
46 41
46 42
46 43
46 47
46 48
46 49
46 51
46 54
46 55
46 57
46 58
46 59
46 61
46 62
46 65
46 66
46 69
46 70
47 2
47 4
47 7
47 8
47 11
47 12
47 13
47 14
47 15
47 16
47 18
47 20
47 21
47 22
47 23
47 25
47 26
47 27
47 31
47 32
47 34
47 35
47 37
47 38
47 41
47 42
47 44
47 47
47 49
47 50
47 51
47 53
47 56
47 57
48 0
48 3
48 5
48 8
48 9
48 11
48 17
48 19
48 20
48 21
48 24
48 27
48 28
48 29
48 31
48 32
48 33
48 34
48 35
48 39
48 40
48 41
48 42
48 43
48 46
48 48
48 51
48 53
49 0
49 1
49 3
49 4
49 5
49 6
49 8
49 10
49 11
49 17
49 19
49 22
49 24
49 25
49 28
49 29
49 30
49 34
49 39
49 44
49 45
50 0
50 1
50 3
50 4
50 5
50 11
50 12
50 14
50 15
50 16
50 23
50 24
50 25
50 28
50 30
50 32
50 33
50 34
50 37
50 38
50 39
50 40
50 41
50 42
50 47
50 49
50 50
50 52
50 55
50 56
50 57
50 58
50 59
50 61
50 64
50 66
50 68
50 70
50 76
50 78
50 80
50 81
50 82
50 83
50 85
50 88
50 90
50 92
50 93
51 1
51 5
51 6
51 7
51 9
51 11
51 12
51 17
51 19
51 20
52 0
52 1
52 3
52 5
52 6
52 7
52 11
52 13
52 14
52 15
52 16
52 19
52 22
52 23
52 24
53 1
53 8
53 11
53 12
53 15
53 16
53 17
53 19
53 20
53 23
53 24
53 27
53 29
53 32
53 33
53 36
53 37
53 40
53 44
53 45
53 47
53 48
53 50
53 52
53 53
53 55
54 4
54 7
54 9
54 14
54 16
54 17
54 18
54 19
54 21
54 22
54 23
54 24
54 25
54 26
54 29
54 30
54 33
54 38
54 40
54 42
54 43
54 44
54 45
54 46
54 47
54 52
54 54
54 59
54 60
54 61
54 62
54 64
54 65
54 68
54 69
54 72
54 76
55 0
55 2
55 3
55 4
55 6
55 7
55 9
55 10
55 11
55 12
55 13
55 16
55 17
55 18
55 20
55 21
55 22
55 23
55 31
55 34
55 35
55 36
55 37
55 40
55 41
56 3
56 6
56 7
56 10
56 13
56 14
56 18
56 19
56 23
56 24
56 27
56 29
56 32
56 36
56 37
56 40
56 41
56 42
56 43
56 44
56 45
56 48
56 52
56 55
56 56
56 58
56 59
56 63
56 66
56 72
56 74
56 75
56 77
57 0
57 2
57 3
57 6
57 7
57 8
57 10
57 11
57 15
57 16
57 18
57 19
57 20
57 23
57 25
57 28
57 32
57 33
57 34
57 35
57 36
57 37
57 39
57 40
57 41
57 44
57 45
57 46
57 48
57 49
57 51
57 52
57 54
57 55
57 56
57 57
57 58
57 59
57 60
57 63
57 67
57 68
57 69
57 72
58 1
58 4
58 5
58 10
58 11
58 15
58 16
58 18
58 21
58 26
58 31
58 32
58 39
58 41
58 44
58 45
58 48
58 49
58 50
58 52
59 0
59 2
59 3
59 4
59 7
59 8
59 9
59 10
59 11
59 14
59 15
59 20
59 21
59 24
59 25
59 26
59 28
59 30
59 32
59 33
59 35
59 37
59 39
59 40
59 44
59 45
59 48
59 49
59 50
60 2
60 4
60 7
60 8
60 13
60 15
60 19
60 20
60 21
60 23
60 24
60 26
60 30
60 33
60 34
60 36
60 39
60 40
60 41
60 42
61 0
61 1
61 2
61 3
61 5
61 6
61 8
61 12
61 16
61 20
61 21
61 23
61 25
61 26
61 29
61 34
61 35
61 36
61 37
61 39
61 42
61 46
61 47
61 48
61 49
61 52
61 53
61 54
61 56
61 57
61 59
61 62
61 63
61 65
61 67
61 70
61 73
61 74
61 80
61 81
61 82
61 83
62 8
62 9
62 10
62 11
62 13
62 15
62 16
62 18
62 21
62 22
62 23
62 26
63 0
63 1
63 2
63 3
63 4
63 7
63 9
63 11
63 14
63 19
63 21
63 23
63 24
63 26
63 28
63 32
63 35
63 36
63 38
63 39
63 40
63 41
63 42
63 43
63 44
63 47
63 49
64 0
64 2
64 4
64 5
64 6
64 7
64 8
64 10
64 16
64 18
64 19
64 20
64 21
64 23
64 25
64 26
64 30
64 32
64 35
64 36
64 37
64 38
64 40
64 43
64 44
64 45
64 46
64 47
64 48
64 50
64 51
64 52
64 54
64 56
64 57
64 59
64 62
64 64
64 66
64 69
64 74
64 75
64 76
64 77
65 0
65 2
65 7
65 9
65 10
65 16
65 22
65 24
65 25
65 28
65 32
65 33
65 37
65 39
65 40
65 41
65 45
65 46
65 50
65 51
65 54
65 55
65 57
65 58
65 61
65 64
65 68
65 73
65 74
65 76
65 78
65 79
65 82
65 83
65 84
65 86
65 88
66 0
66 1
66 3
66 4
66 5
66 7
66 8
66 9
66 10
66 11
66 13
66 15
66 16
66 17
66 19
66 21
66 23
66 32
66 33
66 34
66 35
66 37
66 40
66 44
66 45
66 46
66 47
66 49
66 51
66 52
66 53
66 54
66 59
66 67
66 69
66 71
66 73
66 75
67 0
67 3
67 4
67 5
67 7
67 9
67 10
67 14
67 15
67 16
67 20
67 23
67 24
67 27
67 30
67 31
67 32
67 33
67 36
67 37
67 40
67 41
67 42
67 43
67 44
67 45
67 48
67 49
68 0
68 1
68 2
68 3
68 5
68 8
68 9
68 10
68 11
68 14
68 15
68 18
68 19
68 20
68 21
68 24
68 26
68 30
68 33
68 42
68 44
68 45
68 49
68 50
68 51
68 53
68 56
68 57
68 58
68 60
68 63
68 64
68 67
69 2
69 5
69 9
69 10
69 12
69 13
69 15
69 16
69 17
69 19
69 20
69 25
69 26
69 28
69 33
69 34
69 36
69 39
69 42
69 45
69 46
69 48
69 49
69 50
69 52
69 53
69 54
69 58
69 59
69 60
69 61
69 62
69 64
69 68
70 2
70 5
70 6
70 7
70 9
70 11
70 12
70 13
70 15
70 17
70 19
70 20
70 22
70 24
70 28
70 29
70 31
70 33
70 35
70 36
70 38
70 39
70 40
70 43
70 47
70 48
70 50
70 53
70 54
71 2
71 5
71 7
71 8
71 11
71 13
71 14
71 15
71 16
71 17
71 18
71 20
71 21
71 27
71 30
71 34
71 36
71 38
71 41
71 42
71 43
71 44
71 56
71 58
71 61
71 62
71 63
71 64
71 69
71 71
71 76
71 78
71 79
71 82
71 86
71 87
71 94
71 96
71 99
71 103
71 105
71 106
71 108
71 109
71 110
71 112
71 113
71 114
72 0
72 2
72 3
72 5
72 6
72 10
72 11
72 13
72 14
72 19
72 20
72 22
72 24
72 25
72 28
72 30
72 31
72 33
72 35
72 40
72 41
73 0
73 1
73 3
73 5
73 6
73 8
73 12
73 15
73 18
73 20
73 21
73 22
73 23
73 25
73 26
73 28
73 33
73 34
73 37
73 40
73 44
73 52
73 53
74 3
74 4
74 6
74 10
74 12
74 16
74 17
74 24
74 27
74 30
74 31
74 32
74 34
74 37
74 38
74 44
74 45
74 46
74 48
74 49
74 50
74 51
74 52
74 53
74 54
74 56
74 57
74 58
74 60
74 399