0 0
0 1
0 4
0 8
0 10
0 17
0 30
0 31
0 32
0 33
0 34
0 35
0 36
0 37
0 38
0 39
0 41
0 44
0 45
0 47
1 0
1 1
1 3
1 4
1 5
1 6
1 7
1 10
1 11
1 14
1 18
1 20
1 25
1 30
1 36
1 39
1 40
1 43
1 45
1 46
1 49
1 51
1 56
1 58
1 60
1 61
1 63
1 64
1 66
1 67
1 70
1 72
1 73
1 74
1 75
2 0
2 1
2 3
2 4
2 10
2 12
2 14
2 15
2 17
2 18
2 21
2 22
2 24
2 26
2 30
2 31
2 32
2 33
2 34
2 35
2 37
2 39
3 3
3 5
3 8
3 11
3 14
3 16
3 17
3 18
3 22
3 23
3 27
3 31
3 32
3 34
3 35
3 36
3 38
3 39
3 41
3 43
3 44
3 45
3 46
3 48
3 51
3 52
3 53
3 54
3 55
3 56
3 57
3 58
3 64
3 65
3 70
3 73
4 1
4 4
4 5
4 6
4 8
4 10
4 12
4 16
4 21
4 22
4 24
4 25
4 26
4 27
4 28
4 29
4 30
4 31
5 1
5 3
5 6
5 7
5 9
5 10
5 16
5 18
5 21
5 22
5 23
5 24
5 27
5 30
5 32
5 35
5 36
5 38
5 41
5 42
5 45
5 46
5 52
5 59
6 0
6 1
6 5
6 6
6 7
6 8
6 10
6 11
6 12
6 14
6 15
6 18
6 20
6 23
6 24
6 26
6 27
6 28
6 31
6 32
6 33
6 34
6 38
6 39
6 41
6 42
6 46
6 48
6 49
6 52
6 54
6 56
6 58
7 3
7 6
7 9
7 10
7 11
7 12
7 13
7 14
7 15
7 20
7 21
7 22
7 23
7 30
7 31
7 32
7 33
7 38
7 43
7 44
7 47
7 48
7 50
7 53
7 54
7 56
7 57
7 59
7 60
7 62
7 63
7 64
7 65
7 66
7 70
7 73
7 74
7 77
7 79
7 82
7 83
7 84
7 86
8 1
8 2
8 3
8 4
8 5
8 8
8 9
8 11
8 14
8 15
8 16
8 19
8 20
8 21
8 23
8 24
8 25
8 30
8 32
8 33
8 34
8 35
8 37
8 39
8 41
8 43
8 44
9 2
9 3
9 4
9 7
9 8
9 9
9 10
9 16
9 17
9 27
9 28
9 29
9 30
9 33
9 36
9 37
9 38
9 41
9 44
9 45
9 46
9 47
9 48
9 50
9 53
9 55
9 57
9 58
9 60
9 64
9 65
9 66
9 67
9 69
9 72
9 73
9 74
9 78
9 79
9 81
9 82
9 84
9 85
10 1
10 2
10 3
10 4
10 5
10 7
10 9
10 10
10 12
10 13
10 18
10 19
10 21
10 24
10 25
10 26
10 29
10 31
10 32
10 34
10 43
11 0
11 1
11 2
11 4
11 5
11 6
11 7
11 10
11 11
11 17
11 20
11 21
11 24
11 25
12 1
12 3
12 11
12 18
12 19
12 20
12 21
12 23
12 24
12 27
12 28
12 29
12 30
12 32
12 34
12 38
12 40
12 42
12 44
13 0
13 2
13 5
13 8
13 9
13 11
13 14
13 16
13 22
13 23
13 25
13 26
13 27
13 31
13 33
13 35
13 38
13 40
13 41
13 45
13 48
13 50
13 51
13 56
13 59
13 63
13 64
13 66
13 67
13 68
13 72
13 73
13 74
13 75
13 76
13 77
13 78
13 79
13 80
13 83
13 86
13 89
13 90
13 91
13 94
13 95
13 97
13 101
13 106
14 0
14 2
14 8
14 9
14 10
14 11
14 13
14 18
14 20
14 22
14 23
14 24
14 26
14 29
14 32
14 36
14 38
14 40
14 41
14 43
14 45
14 47
14 48
14 49
14 51
14 53
14 56
14 57
14 58
14 59
14 62
14 64
14 68
15 1
15 5
15 10
15 11
15 15
15 17
15 20
15 22
15 23
15 26
15 27
15 30
15 33
15 35
15 36
15 38
15 41
15 43
15 45
15 46
15 48
15 51
15 55
15 57
15 60
15 62
15 64
15 66
15 67
15 69
15 70
15 75
15 76
15 77
15 78
15 79
15 80
15 82
15 83
15 87
15 88
16 3
16 5
16 8
16 10
16 11
16 12
16 14
16 18
16 19
16 20
16 21
16 22
16 24
16 25
17 2
17 3
17 4
17 5
17 7
17 10
17 15
17 17
17 18
17 20
17 22
17 24
17 25
17 27
17 28
17 30
17 34
17 35
17 41
17 42
17 44
17 45
17 48
17 49
18 1
18 2
18 3
18 4
18 5
18 6
18 7
18 9
18 12
18 17
18 18
18 19
18 20
18 21
18 22
18 26
18 27
18 30
18 35
18 37
18 38
18 41
18 42
18 45
18 46
18 47
18 50
18 53
18 55
18 56
18 59
18 60
18 61
18 62
18 63
18 65
18 66
18 67
18 69
18 74
18 80
18 82
18 86
18 88
18 90
18 91
18 92
18 93
19 0
19 1
19 2
19 6
19 9
19 10
19 11
19 13
19 14
19 17
19 21
19 23
19 24
19 25
19 27
19 30
19 34
19 35
19 36
19 38
19 40
19 41
19 42
19 44
19 47
19 51
19 56
19 57
19 59
19 60
20 0
20 1
20 3
20 4
20 5
20 6
20 7
20 11
20 12
20 14
20 16
20 19
20 20
20 21
20 23
20 28
20 30
20 32
20 33
20 34
20 36
20 38
20 40
20 43
20 48
21 0
21 3
21 5
21 7
21 10
21 11
21 14
21 15
21 16
21 19
21 20
21 21
21 23
21 27
21 29
21 30
21 32
21 34
21 35
21 36
21 40
21 42
21 44
21 47
21 48
21 49
21 50
21 52
21 53
21 57
21 58
21 59
21 61
21 64
21 67
21 68
21 70
21 72
21 73
21 76
21 78
21 79
21 81
21 83
22 0
22 1
22 2
22 5
22 7
22 8
22 10
22 14
22 15
22 17
22 18
22 21
22 22
22 25
22 29
22 33
22 34
22 37
22 38
22 39
22 40
22 41
22 43
22 45
22 48
22 49
22 50
22 51
22 52
22 55
22 59
22 61
22 62
22 63
22 64
22 65
22 68
22 70
22 71
22 72
22 77
22 78
22 80
22 81
22 82
22 85
22 87
23 1
23 2
23 4
23 5
23 6
23 7
23 8
23 9
23 12
23 13
23 14
23 15
23 16
23 17
23 20
23 21
24 4
24 7
24 11
24 14
24 17
24 18
24 20
24 21
24 22
24 24
24 25
24 29
24 31
24 33
24 36
24 37
24 39
25 6
25 9
25 11
25 12
25 14
25 16
25 17
25 19
25 24
25 26
25 27
25 29
26 2
26 3
26 4
26 5
26 8
26 10
26 12
26 15
26 18
26 20
26 21
26 23
26 25
26 27
26 29
26 30
26 33
26 34
26 36
26 37
27 2
27 3
27 6
27 7
27 8
27 15
27 16
27 25
27 29
27 32
27 37
27 40
27 42
27 43
27 44
27 45
27 46
27 49
27 50
27 51
28 0
28 2
28 3
28 6
28 7
28 8
28 9
28 12
28 15
28 16
28 17
28 18
28 21
28 24
28 25
28 26
28 28
28 31
28 33
28 35
28 36
28 37
28 41
28 42
28 44
28 46
28 47
28 48
28 49
28 52
28 53
28 57
28 58
28 59
28 60
28 63
28 64
28 65
28 66
28 68
28 69
28 70
28 73
28 74
28 75
28 76
28 78
29 0
29 1
29 6
29 7
29 12
29 13
29 14
29 18
29 19
29 20
29 21
29 24
29 25
29 29
29 30
29 31
29 33
29 35
29 36
29 37
29 39
29 40
29 41
29 43
29 47
29 49
29 50
29 51
29 52
29 56
29 59
29 60
29 64
29 66
29 67
29 69
30 0
30 2
30 6
30 7
30 8
30 10
30 13
30 15
30 17
30 18
30 21
30 22
30 24
30 25
30 28
30 29
30 31
30 32
30 33
30 35
30 38
30 39
30 41
30 42
30 43
30 45
30 48
30 49
30 50
30 51
30 52
30 55
30 56
30 57
30 58
30 60
30 61
30 64
30 67
30 71
30 72
30 76
30 78
31 2
31 4
31 9
31 12
31 13
31 14
31 18
31 19
31 20
31 22
31 23
31 26
31 27
31 28
31 29
31 32
31 33
31 34
31 35
31 37
32 2
32 4
32 6
32 7
32 8
32 9
32 10
32 13
32 18
32 19
32 20
32 21
32 22
32 29
32 30
32 34
32 35
32 39
32 40
32 42
32 43
32 45
32 46
32 49
32 53
32 54
32 55
33 1
33 2
33 4
33 5
33 6
33 7
33 10
33 11
33 13
33 14
33 16
33 18
33 19
33 20
33 22
33 23
33 26
33 27
33 30
33 34
33 36
33 37
33 39
33 42
33 45
33 46
33 47
33 49
33 50
33 53
33 56
33 57
33 58
33 59
33 60
33 61
34 1
34 3
34 6
34 11
34 14
34 16
34 18
34 19
34 20
34 22
34 23
34 24
34 27
34 28
34 30
34 31
34 32
34 34
34 36
34 37
34 38
34 43
34 45
34 46
34 54
34 56
34 58
34 59
34 60
34 62
34 64
35 1
35 3
35 4
35 5
35 7
35 8
35 9
35 11
35 12
35 13
35 14
35 15
35 18
35 20
35 24
35 28
35 30
35 31
35 32
35 33
36 0
36 2
36 3
36 5
36 9
36 12
36 13
36 16
36 17
36 18
36 22
36 24
36 26
36 28
36 29
36 30
36 31
36 32
36 33
36 34
36 36
36 37
36 38
36 44
36 45
36 50
36 53
36 57
36 61
36 62
36 65
36 67
36 71
36 72
37 5
37 11
37 13
37 14
37 15
37 16
37 17
37 18
37 19
37 20
37 21
37 24
37 26
37 28
37 29
37 30
37 33
37 37
38 1
38 2
38 4
38 6
38 8
38 9
38 12
38 14
38 16
38 18
38 21
38 22
39 0
39 2
39 4
39 9
39 15
39 16
39 21
39 25
39 26
39 27
39 32
39 36
39 37
39 38
39 39
39 40
39 42
39 44
39 46
39 47
39 49
39 53
39 54
39 55
39 57
39 58
39 60
39 61
39 62
39 63
39 66
39 69
39 70
39 71
39 72
39 73
39 74
39 75
39 78
39 81
40 0
40 4
40 6
40 8
40 10
40 12
40 14
40 15
40 20
40 21
40 22
40 23
40 29
40 30
40 42
40 48
40 49
40 51
40 53
40 55
40 56
40 57
40 58
40 61
40 64
40 67
40 77
40 78
40 79
40 81
40 83
40 85
40 87
40 88
40 90
40 91
40 92
40 93
40 95
40 96
40 99
40 100
40 102
40 104
40 108
40 109
40 110
40 112
41 2
41 3
41 9
41 11
41 14
41 15
41 17
41 21
41 23
41 26
41 29
41 30
41 31
41 32
41 33
41 34
41 36
41 37
41 38
41 45
41 46
41 48
42 0
42 1
42 3
42 4
42 5
42 6
42 7
42 10
42 11
42 13
42 16
42 18
42 20
42 21
42 22
42 24
42 25
42 26
42 27
42 28
42 29
42 32
43 0
43 2
43 3
43 5
43 6
43 7
43 8
43 9
43 11
43 15
43 22
43 29
43 32
43 34
44 2
44 6
44 7
44 8
44 9
44 12
44 13
44 15
44 17
44 18
44 21
44 22
44 24
44 26
44 27
44 29
44 31
45 1
45 2
45 5
45 6
45 9
45 12
45 14
45 18
45 22
45 23
45 25
45 26
45 27
45 29
45 30
45 31
45 32
45 33
45 37
45 42
45 43
45 45
45 49
45 50
45 52
45 54
45 57
45 59
45 60
46 0
46 1
46 3
46 4
46 8
46 10
46 13
46 15
46 16
46 17
46 18
47 1
47 4
47 5
47 6
47 7
47 9
47 10
47 13
47 14
47 20
47 21
47 22
47 23
47 28
47 29
47 30
47 31
47 32
47 33
47 34
47 35
47 36
47 37
47 38
47 39
47 40
47 42
47 43
47 46
47 47
47 49
47 50
47 51
47 54
47 55
47 56
47 57
47 59
47 62
47 67
47 68
47 69
47 70
47 71
47 73
47 74
47 76
47 77
47 78
48 2
48 4
48 5
48 7
48 13
48 14
48 17
48 21
48 22
48 24
48 29
48 34
48 37
48 43
48 45
48 46
48 49
48 51
48 58
48 60
48 61
48 63
48 64
48 67
48 69
48 70
48 71
48 72
48 74
48 79
48 81
48 82
48 83
48 85
48 86
48 87
48 88
48 93
48 94
48 95
49 0
49 2
49 3
49 5
49 6
49 9
49 10
49 12
49 13
49 17
49 18
49 20
49 25
49 28
49 29
49 30
49 32
49 35
49 36
49 40
49 41
49 42
49 45
50 2
50 4
50 7
50 8
50 11
50 14
50 15
50 16
50 17
50 18
50 22
50 23
50 24
50 27
50 28
50 31
50 33
50 34
50 38
50 40
50 43
50 44
51 1
51 2
51 5
51 10
51 11
51 14
51 15
51 16
51 19
51 20
51 22
51 24
51 25
51 28
51 32
51 34
51 35
51 38
51 39
51 43
51 45
51 50
51 52
51 53
51 54
51 55
51 56
51 61
51 62
51 64
51 68
51 70
51 71
51 74
51 75
51 77
51 78
51 79
51 80
51 84
51 86
51 91
51 95
51 96
51 98
52 0
52 1
52 2
52 4
52 5
52 7
52 8
52 9
52 10
52 13
53 2
53 5
53 6
53 8
53 9
53 11
53 12
53 14
53 16
53 17
53 18
53 21
53 22
53 24
53 25
53 27
53 30
53 32
53 35
53 36
53 37
53 38
53 39
53 41
53 43
53 45
53 46
53 47
53 49
53 54
53 56
53 58
53 62
54 2
54 3
54 5
54 6
54 7
54 10
54 11
54 14
54 16
54 18
54 21
54 29
54 31
54 33
54 39
54 43
54 44
54 46
54 50
54 51
54 52
54 53
54 55
55 0
55 1
55 5
55 7
55 9
55 16
55 19
55 20
55 21
55 22
55 23
55 27
55 28
55 30
55 31
55 36
55 38
55 40
55 41
55 44
55 45
55 46
55 47
55 48
55 53
55 56
55 58
55 65
55 67
55 69
55 70
55 72
55 74
55 75
55 77
55 78
55 83
55 86
55 88
55 90
55 91
55 93
55 94
55 95
55 97
55 100
55 108
55 110
56 1
56 4
56 5
56 8
56 11
56 13
56 14
56 15
56 16
56 17
56 21
56 22
56 24
56 28
56 30
56 33
56 35
56 37
56 38
56 39
56 41
56 44
56 46
56 48
56 52
56 54
56 57
56 62
56 64
57 2
57 3
57 5
57 6
57 11
57 12
57 14
57 16
57 19
57 21
57 24
57 25
57 27
57 29
57 36
57 37
57 41
57 44
57 48
57 51
57 52
57 55
57 57
57 63
57 64
57 65
57 66
57 70
57 71
57 72
58 1
58 3
58 6
58 8
58 12
58 14
58 15
58 16
58 18
58 20
58 21
58 23
58 24
58 28
58 30
58 32
58 34
58 35
58 37
58 41
58 42
58 44
58 45
58 46
58 47
58 48
58 51
58 52
58 53
58 55
58 57
58 59
58 60
58 64
58 65
58 68
58 69
58 70
58 72
59 1
59 3
59 4
59 5
59 6
59 7
59 8
59 9
59 12
59 13
59 14
59 15
59 18
59 21
59 25
59 28
59 31
59 32
59 37
59 38
59 39
59 40
59 41
59 42
59 43
59 45
59 47
59 54
59 55
59 57
59 58
59 59
59 62
59 64
59 65
59 66
59 67
59 69
59 70
59 72
59 73
59 74
59 80
60 9
60 14
60 15
60 16
60 17
60 18
60 19
60 21
60 22
60 26
60 27
60 28
60 29
60 30
60 35
60 39
61 0
61 1
61 2
61 3
61 5
61 9
61 10
61 11
61 14
61 15
61 18
61 21
61 24
61 29
61 30
61 31
61 33
61 35
61 38
61 39
61 41
61 42
62 2
62 4
62 7
62 8
62 9
62 10
62 11
62 14
62 15
62 18
62 19
62 20
62 21
62 22
62 26
62 27
62 30
62 32
62 33
62 37
62 38
62 40
62 41
62 43
62 46
62 49
62 52
62 53
62 55
62 56
62 57
62 58
62 59
62 61
62 62
62 63
62 64
62 65
62 68
62 69
62 71
62 72
63 0
63 2
63 3
63 4
63 7
63 8
63 9
63 11
63 16
63 18
63 19
63 20
63 21
63 22
63 24
63 26
63 32
63 33
63 37
63 38
63 40
63 42
63 43
63 44
63 49
63 51
64 2
64 5
64 6
64 8
64 9
64 10
64 11
64 14
64 15
64 16
64 17
64 19
64 22
64 27
64 29
64 34
64 36
64 37
64 40
64 43
64 46
64 48
64 49
64 51
64 54
64 56
64 58
64 59
64 60
64 61
64 64
64 65
64 66
64 67
64 70
64 71
64 72
64 73
65 2
65 4
65 6
65 7
65 8
65 9
65 10
65 12
65 14
65 16
65 17
65 20
65 21
65 24
65 25
65 26
65 28
65 29
66 0
66 1
66 4
66 8
66 10
66 12
66 15
66 17
66 18
66 19
66 20
66 21
66 22
66 23
66 25
66 27
66 28
66 29
66 30
66 31
66 33
66 35
66 37
66 38
66 42
66 43
66 45
66 46
66 50
66 51
66 54
66 55
66 57
66 59
66 60
66 62
66 64
66 65
66 70
66 72
66 73
66 76
66 78
66 81
66 82
66 84
67 2
67 6
67 7
67 8
67 9
67 13
67 18
67 20
67 21
67 25
67 26
67 31
67 35
67 36
67 37
67 39
67 43
67 44
67 45
67 46
67 48
67 49
67 50
68 1
68 2
68 3
68 4
68 5
68 6
68 10
68 12
68 15
68 17
68 18
68 20
68 22
68 24
68 25
68 26
68 27
68 29
68 30
68 31
68 32
68 35
68 38
68 40
68 41
68 44
68 45
68 46
69 2
69 5
69 8
69 11
69 12
69 13
69 14
69 15
69 16
69 17
69 19
69 20
69 22
69 28
69 30
69 31
69 34
69 35
69 37
69 40
69 42
69 44
69 46
69 47
69 48
69 53
69 57
69 60
69 65
69 66
69 69
69 70
69 71
69 75
70 0
70 4
70 7
70 9
70 10
70 11
70 12
70 13
70 14
70 15
70 18
70 19
70 21
70 25
70 28
70 30
70 31
70 32
70 33
70 37
70 40
70 42
71 0
71 2
71 3
71 9
71 13
71 15
71 16
71 17
71 18
71 21
71 25
71 29
71 30
71 31
71 33
71 36
71 38
71 39
72 2
72 6
72 7
72 8
72 9
72 11
72 12
72 15
72 16
72 19
72 20
72 22
72 23
72 25
72 27
72 29
72 31
72 33
72 34
72 35
72 36
72 38
72 41
72 42
72 43
72 45
72 46
72 49
72 50
72 51
73 0
73 1
73 7
73 8
73 11
73 12
73 18
73 19
73 23
73 24
73 26
73 27
73 28
73 32
73 35
73 36
73 37
73 38
73 39
73 40
73 41
73 42
73 44
73 45
73 46
73 48
73 50
73 55
73 58
73 62
73 63
73 65
73 67
73 68
74 2
74 3
74 4
74 6
74 8
74 10
74 12
74 13
74 14
74 15
74 16
74 22
74 24
74 25
74 27
74 28
74 30
74 32
74 33
74 38
74 39
74 40
74 41
74 42
74 999